0 0.16157407407407406 0.6560185185185186 0.19305555555555556 0.1625
0 0.9162037037037037 0.4537037037037037 0.16435185185185186 0.21342592592592594
0 0.7138888888888889 0.3060185185185185 0.17453703703703705 0.11157407407407408
0 0.6509259259259259 0.8162037037037037 0.11851851851851852 0.22037037037037038
0 0.3680555555555556 0.2726851851851852 0.1087962962962963 0.18009259259259258
0 0.3861111111111111 0.7564814814814815 0.19907407407407407 0.23935185185185184
0 0.5305555555555556 0.18935185185185185 0.2 0.13333333333333333
0 0.825462962962963 0.11574074074074074 0.1310185185185185 0.125
0 0.9143518518518519 0.25833333333333336 0.09490740740740741 0.09027777777777778
0 0.07083333333333333 0.14537037037037037 0.14166666666666666 0.10694444444444444
0 0.07037037037037037 0.45185185185185184 0.07731481481481481 0.08009259259259259
0 0.8425925925925926 0.8023148148148148 0.3143518518518518 0.08287037037037037
0 0.5009259259259259 0.4027777777777778 0.19953703703703704 0.15925925925925927
0 0.8078703703703703 0.9680555555555556 0.19166666666666668 0.06388888888888888
0 0.17314814814814813 0.038425925925925926 0.1361111111111111 0.07685185185185185
0 0.5486111111111112 0.11805555555555555 0.21064814814814814 0.10833333333333334
0 0.5981481481481481 0.5685185185185185 0.1824074074074074 0.18287037037037038
0 0.8611111111111112 0.5828703703703704 0.07824074074074074 0.08796296296296297
0 0.26481481481481484 0.5995370370370371 0.12453703703703704 0.11944444444444445
0 0.9611111111111111 0.1763888888888889 0.07731481481481481 0.09537037037037037
0 0.9416666666666667 0.09675925925925925 0.10740740740740741 0.12962962962962962
0 0.2523148148148148 0.4666666666666667 0.14444444444444443 0.09537037037037037
0 0.8125 0.19212962962962962 0.13564814814814816 0.05462962962962963
0 0.9875 0.36944444444444446 0.025 0.1824074074074074
0 0.050462962962962966 0.5013888888888889 0.10046296296296296 0.058333333333333334