0 0.8712962962962963 0.10555555555555556 0.12962962962962962 0.1037037037037037
0 0.8328703703703704 0.32037037037037036 0.22083333333333333 0.17685185185185184
0 0.9337962962962963 0.674074074074074 0.13240740740740742 0.2074074074074074
0 0.2439814814814815 0.3398148148148148 0.22175925925925927 0.1111111111111111
0 0.6930555555555555 0.8379629629629629 0.06157407407407407 0.0712962962962963
0 0.9680555555555556 0.26944444444444443 0.06388888888888888 0.16666666666666666
0 0.5013888888888889 0.324537037037037 0.1337962962962963 0.17777777777777778
0 0.7763888888888889 0.875 0.04259259259259259 0.053703703703703705
0 0.8 0.8296296296296296 0.060648148148148145 0.031018518518518518
0 0.725462962962963 0.8768518518518519 0.047685185185185185 0.041666666666666664
0 0.3731481481481482 0.053703703703703705 0.15787037037037038 0.10740740740740741
0 0.38425925925925924 0.5791666666666667 0.11203703703703703 0.09861111111111111