0 0.27870370370370373 0.6759259259259259 0.14814814814814814 0.45185185185185184
0 0.09768518518518518 0.7912037037037037 0.1925925925925926 0.2675925925925926
0 0.5740740740740741 0.8092592592592592 0.1425925925925926 0.3685185185185185
0 0.1638888888888889 0.3013888888888889 0.225 0.1935185185185185
0 0.7314814814814815 0.37592592592592594 0.08425925925925926 0.18888888888888888
0 0.7782407407407408 0.14305555555555555 0.15 0.2861111111111111
0 0.7217592592592592 0.7935185185185185 0.11296296296296296 0.11296296296296296
0 0.8351851851851851 0.9342592592592592 0.23333333333333334 0.12777777777777777
0 0.10092592592592593 0.07407407407407407 0.12037037037037036 0.14814814814814814
0 0.2375 0.0837962962962963 0.0962962962962963 0.16666666666666666
0 0.13518518518518519 0.39861111111111114 0.22592592592592592 0.11574074074074074
0 0.10925925925925926 0.5185185185185185 0.2 0.175
0 0.48564814814814816 0.13703703703703704 0.09074074074074075 0.15648148148148147
0 0.899074074074074 0.3287037037037037 0.1537037037037037 0.22685185185185186
0 0.6921296296296297 0.5611111111111111 0.10740740740740741 0.07407407407407407
0 0.9546296296296296 0.5023148148148148 0.06296296296296296 0.13240740740740742
0 0.862037037037037 0.7412037037037037 0.0962962962962963 0.1925925925925926