0 0.3435185185185185 0.8203703703703704 0.15 0.18703703703703703
0 0.41712962962962963 0.38055555555555554 0.28425925925925927 0.19814814814814816
0 0.7842592592592592 0.8787037037037037 0.1 0.2388888888888889
0 0.19907407407407407 0.3773148148148148 0.1638888888888889 0.1638888888888889
0 0.15555555555555556 0.7023148148148148 0.11388888888888889 0.4166666666666667
0 0.4648148148148148 0.7361111111111112 0.26666666666666666 0.2462962962962963
0 0.9055555555555556 0.6 0.1638888888888889 0.19074074074074074
0 0.1875 0.9138888888888889 0.11296296296296296 0.14074074074074075
0 0.6587962962962963 0.5180555555555556 0.18888888888888888 0.2074074074074074
0 0.5592592592592592 0.9138888888888889 0.21574074074074073 0.1685185185185185
0 0.024074074074074074 0.9138888888888889 0.04814814814814815 0.15
0 0.24305555555555555 0.10231481481481482 0.14537037037037037 0.16666666666666666
0 0.8462962962962963 0.20324074074074075 0.2388888888888889 0.4064814814814815
0 0.05648148148148148 0.08657407407407407 0.08425925925925926 0.17314814814814813