0 0.5444444444444444 0.16944444444444445 0.2953703703703704 0.2671296296296296
0 0.5263888888888889 0.39351851851851855 0.2967592592592593 0.11574074074074074
0 0.8592592592592593 0.6148148148148148 0.27824074074074073 0.11712962962962963
0 0.44074074074074077 0.6037037037037037 0.15 0.21388888888888888
0 0.17037037037037037 0.5930555555555556 0.11851851851851852 0.20787037037037037
0 0.5087962962962963 0.8435185185185186 0.20462962962962963 0.21851851851851853
0 0.7490740740740741 0.5259259259259259 0.10462962962962963 0.05138888888888889
0 0.8013888888888889 0.3388888888888889 0.15925925925925927 0.18425925925925926
0 0.13425925925925927 0.8638888888888889 0.11851851851851852 0.2657407407407407
0 0.6217592592592592 0.49074074074074076 0.10324074074074074 0.05648148148148148
0 0.3337962962962963 0.8736111111111111 0.21712962962962962 0.1685185185185185
0 0.32592592592592595 0.6763888888888889 0.06712962962962964 0.08148148148148149