0 0.3333333333333333 0.6138888888888889 0.17962962962962964 0.32592592592592595
0 0.5439814814814815 0.5055555555555555 0.1 0.3138888888888889
0 0.8736111111111111 0.21342592592592594 0.20185185185185187 0.42407407407407405
0 0.6898148148148148 0.9472222222222222 0.17407407407407408 0.10555555555555556
0 0.15555555555555556 0.6953703703703704 0.1 0.3648148148148148
0 0.5361111111111111 0.8712962962962963 0.10185185185185185 0.2574074074074074
0 0.16527777777777777 0.32222222222222224 0.07777777777777778 0.1037037037037037
0 0.7680555555555556 0.7481481481481481 0.1425925925925926 0.35833333333333334
0 0.2810185185185185 0.08009259259259259 0.07037037037037037 0.15648148148148147
0 0.9537037037037037 0.6944444444444444 0.09259259259259259 0.2222222222222222
0 0.03888888888888889 0.5546296296296296 0.07777777777777778 0.34629629629629627
0 0.6851851851851852 0.30185185185185187 0.2351851851851852 0.13425925925925927
0 0.35138888888888886 0.38935185185185184 0.08518518518518518 0.07222222222222222