0 0.2337962962962963 0.5694444444444444 0.46111111111111114 0.36666666666666664
0 0.5537037037037037 0.39861111111111114 0.15185185185185185 0.2935185185185185
0 0.44305555555555554 0.8703703703703703 0.13333333333333333 0.2564814814814815
0 0.41712962962962963 0.19305555555555556 0.14074074074074075 0.22037037037037038
0 0.8699074074074075 0.9074074074074074 0.21203703703703702 0.18518518518518517
0 0.7356481481481482 0.5185185185185185 0.1685185185185185 0.13425925925925927
0 0.7240740740740741 0.31805555555555554 0.19537037037037036 0.10740740740740741
0 0.8694444444444445 0.5018518518518519 0.0962962962962963 0.15925925925925927
0 0.6995370370370371 0.14351851851851852 0.10833333333333334 0.13425925925925927
0 0.9291666666666667 0.15787037037037038 0.07407407407407407 0.12777777777777777
0 0.9199074074074074 0.5703703703703704 0.12777777777777777 0.07407407407407407
0 0.538425925925926 0.7152777777777778 0.13333333333333333 0.19074074074074074