0 0.8375 0.7888888888888889 0.1814814814814815 0.34629629629629627
0 0.5634259259259259 0.6361111111111111 0.07962962962962963 0.1935185185185185
0 0.5375 0.12731481481481483 0.2064814814814815 0.2518518518518518
0 0.23981481481481481 0.4532407407407407 0.2074074074074074 0.14074074074074075
0 0.3226851851851852 0.5921296296296297 0.11388888888888889 0.21574074074074073
0 0.4740740740740741 0.6944444444444444 0.07962962962962963 0.32592592592592595
0 0.36944444444444446 0.32407407407407407 0.11666666666666667 0.2833333333333333
0 0.9328703703703703 0.3111111111111111 0.06296296296296296 0.26851851851851855
0 0.836574074074074 0.3388888888888889 0.06388888888888888 0.15
0 0.41388888888888886 0.6421296296296296 0.03425925925925926 0.09074074074074075
0 0.9430555555555555 0.5467592592592593 0.1111111111111111 0.21296296296296297
0 0.5 0.3337962962962963 0.09074074074074075 0.19814814814814816