0 0.24675925925925926 0.2953703703703704 0.225 0.11296296296296296
0 0.8171296296296297 0.55 0.18425925925925926 0.1
0 0.42824074074074076 0.6611111111111111 0.16296296296296298 0.1962962962962963
0 0.9087962962962963 0.7486111111111111 0.1824074074074074 0.11388888888888889
0 0.36342592592592593 0.16111111111111112 0.22037037037037038 0.10925925925925926
0 0.15324074074074073 0.7037037037037037 0.21851851851851853 0.08611111111111111
0 0.04351851851851852 0.55 0.08425925925925926 0.13703703703703704
0 0.3578703703703704 0.8023148148148148 0.24074074074074073 0.1425925925925926
0 0.586574074074074 0.22870370370370371 0.2518518518518518 0.09814814814814815
0 0.0837962962962963 0.049074074074074076 0.1638888888888889 0.09259259259259259
0 0.10925925925925926 0.37592592592592594 0.21574074074074073 0.09814814814814815
0 0.9384259259259259 0.9046296296296297 0.12314814814814815 0.11481481481481481
0 0.8796296296296297 0.05787037037037037 0.24074074074074073 0.10277777777777777
0 0.4601851851851852 0.05694444444444444 0.14814814814814814 0.11388888888888889
0 0.41388888888888886 0.48055555555555557 0.15925925925925927 0.06666666666666667