0 0.8375 0.8125 0.32175925925925924 0.28425925925925927
0 0.5365740740740741 0.08287037037037037 0.2671296296296296 0.16574074074074074
0 0.4726851851851852 0.49074074074074076 0.3236111111111111 0.15925925925925927
0 0.0763888888888889 0.3680555555555556 0.12824074074074074 0.19537037037037036
0 0.07824074074074074 0.7236111111111111 0.15648148148148147 0.07824074074074074
0 0.8805555555555555 0.4305555555555556 0.2361111111111111 0.16111111111111112
0 0.2523148148148148 0.8888888888888888 0.17037037037037037 0.1125
0 0.8638888888888889 0.28425925925925927 0.19675925925925927 0.10324074074074074
0 0.5486111111111112 0.3486111111111111 0.18425925925925926 0.14351851851851852
0 0.5976851851851852 0.27037037037037037 0.15462962962962962 0.09675925925925925
0 0.6138888888888889 0.6712962962962963 0.15324074074074073 0.11388888888888889
0 0.3875 0.7351851851851852 0.08425925925925926 0.10462962962962963
0 0.5212962962962963 0.9259259259259259 0.09537037037037037 0.14537037037037037
0 0.6134259259259259 0.8537037037037037 0.1361111111111111 0.1361111111111111
0 0.32592592592592595 0.39305555555555555 0.12962962962962962 0.18888888888888888
0 0.1736111111111111 0.1337962962962963 0.06574074074074074 0.12361111111111112
0 0.06851851851851852 0.1486111111111111 0.13703703703703704 0.11388888888888889
0 0.4273148148148148 0.9476851851851852 0.10787037037037037 0.10138888888888889
0 0.49907407407407406 0.49907407407407406 0.9981481481481481 0.9981481481481481
0 0.1935185185185185 0.8532407407407407 0.1875 0.09074074074074075
0 0.2759259259259259 0.5337962962962963 0.047685185185185185 0.07037037037037037
0 0.2023148148148148 0.32407407407407407 0.06388888888888888 0.12407407407407407