0 0.7976851851851852 0.4532407407407407 0.2763888888888889 0.3125
0 0.49444444444444446 0.5365740740740741 0.27361111111111114 0.19537037037037036
0 0.8342592592592593 0.0875 0.175 0.175
0 0.20879629629629629 0.48055555555555557 0.14537037037037037 0.20787037037037037
0 0.9023148148148148 0.2013888888888889 0.12962962962962962 0.1625
0 0.3314814814814815 0.4888888888888889 0.18425925925925926 0.15
0 0.6064814814814815 0.8555555555555555 0.1875 0.16111111111111112
0 0.05 0.3384259259259259 0.1 0.25462962962962965
0 0.49444444444444446 0.4134259259259259 0.22037037037037038 0.1736111111111111
0 0.8435185185185186 0.6662037037037037 0.30648148148148147 0.10787037037037037
0 0.39444444444444443 0.3337962962962963 0.15787037037037038 0.1638888888888889
0 0.37824074074074077 0.18564814814814815 0.11851851851851852 0.08194444444444444
0 0.8986111111111111 0.8027777777777778 0.20277777777777778 0.22962962962962963