0 0.7967592592592593 0.24861111111111112 0.1537037037037037 0.1685185185185185
0 0.2125 0.29074074074074074 0.19074074074074074 0.14351851851851852
0 0.6671296296296296 0.8912037037037037 0.1962962962962963 0.21388888888888888
0 0.29907407407407405 0.5513888888888889 0.3138888888888889 0.1962962962962963
0 0.23657407407407408 0.7685185185185185 0.15462962962962962 0.1
0 0.5523148148148148 0.3648148148148148 0.18611111111111112 0.11666666666666667
0 0.32731481481481484 0.22361111111111112 0.14814814814814814 0.2222222222222222
0 0.6546296296296297 0.052314814814814814 0.19074074074074074 0.10462962962962963
0 0.3962962962962963 0.48842592592592593 0.24814814814814815 0.27037037037037037
0 0.1648148148148148 0.8907407407407407 0.21388888888888888 0.08425925925925926
0 0.07407407407407407 0.04212962962962963 0.14814814814814814 0.08425925925925926
0 0.48842592592592593 0.2625 0.1925925925925926 0.10925925925925926
0 0.44212962962962965 0.7888888888888889 0.075 0.125