0 0.6666666666666666 0.7722222222222223 0.16203703703703703 0.22592592592592592
0 0.12916666666666668 0.513425925925926 0.16111111111111112 0.3509259259259259
0 0.31574074074074077 0.4115740740740741 0.19074074074074074 0.3351851851851852
0 0.5319444444444444 0.2740740740740741 0.14907407407407408 0.37407407407407406
0 0.7703703703703704 0.9685185185185186 0.06296296296296296 0.06296296296296296
0 0.9333333333333333 0.4203703703703704 0.12777777777777777 0.32037037037037036
0 0.04814814814814815 0.03194444444444444 0.0962962962962963 0.06388888888888888
0 0.06944444444444445 0.7277777777777777 0.1388888888888889 0.24444444444444444
0 0.36944444444444446 0.05740740740740741 0.20092592592592592 0.10555555555555556
0 0.9666666666666667 0.9037037037037037 0.062037037037037036 0.10648148148148148
0 0.12083333333333333 0.09537037037037037 0.07222222222222222 0.12037037037037036
0 0.4773148148148148 0.975925925925926 0.09074074074074075 0.04814814814814815
0 0.7476851851851852 0.5055555555555555 0.1425925925925926 0.39444444444444443