0 0.45694444444444443 0.1763888888888889 0.09259259259259259 0.25925925925925924
0 0.5648148148148148 0.1388888888888889 0.17962962962962964 0.2777777777777778
0 0.7935185185185185 0.18518518518518517 0.1935185185185185 0.37037037037037035
0 0.44212962962962965 0.7532407407407408 0.1 0.2814814814814815
0 0.611574074074074 0.5361111111111111 0.14537037037037037 0.225
0 0.32592592592592595 0.6092592592592593 0.18333333333333332 0.11851851851851852
0 0.19907407407407407 0.8962962962962963 0.18611111111111112 0.20462962962962963
0 0.8532407407407407 0.6287037037037037 0.09074074074074075 0.1638888888888889
0 0.9069444444444444 0.39351851851851855 0.07037037037037037 0.1814814814814815
0 0.26481481481481484 0.06018518518518518 0.23333333333333334 0.12037037037037036
0 0.4587962962962963 0.45231481481481484 0.09814814814814815 0.24259259259259258
0 0.10231481481481482 0.6203703703703703 0.19814814814814816 0.13148148148148148
0 0.7342592592592593 0.7412037037037037 0.14351851851851852 0.42962962962962964