0 0.7023148148148148 0.2916666666666667 0.1685185185185185 0.25277777777777777
0 0.5546296296296296 0.16064814814814815 0.14444444444444443 0.1476851851851852
0 0.500462962962963 0.43842592592592594 0.17546296296296296 0.12129629629629629
0 0.1574074074074074 0.08101851851851852 0.26435185185185184 0.14444444444444443
0 0.33287037037037037 0.14444444444444443 0.10277777777777777 0.1837962962962963
0 0.26990740740740743 0.9166666666666666 0.11157407407407408 0.16018518518518518
0 0.32685185185185184 0.6953703703703704 0.15833333333333333 0.10787037037037037
0 0.3648148148148148 0.02546296296296296 0.12453703703703704 0.05092592592592592
0 0.38425925925925924 0.8319444444444445 0.1986111111111111 0.07407407407407407
0 0.2791666666666667 0.3578703703703704 0.06759259259259259 0.1050925925925926
0 0.35694444444444445 0.5671296296296297 0.13796296296296295 0.1361111111111111
0 0.43657407407407406 0.9069444444444444 0.29953703703703705 0.16620370370370371
0 0.07407407407407407 0.3300925925925926 0.14814814814814814 0.1787037037037037
0 0.6597222222222222 0.924537037037037 0.2712962962962963 0.13842592592592592
0 0.03425925925925926 0.42407407407407405 0.06851851851851852 0.14537037037037037
0 0.2037037037037037 0.7226851851851852 0.11388888888888889 0.1986111111111111