0 0.3106481481481482 0.7407407407407407 0.0763888888888889 0.09722222222222222
0 0.07314814814814814 0.9490740740740741 0.14629629629629629 0.10185185185185185
0 0.30648148148148147 0.09398148148148149 0.09490740740740741 0.08564814814814815
0 0.22916666666666666 0.1865740740740741 0.11157407407407408 0.08796296296296297
0 0.350462962962963 0.34629629629629627 0.18009259259259258 0.11898148148148148
0 0.8851851851851852 0.0375 0.07962962962962963 0.075
0 0.34629629629629627 0.5467592592592593 0.20185185185185187 0.06111111111111111
0 0.07175925925925926 0.4162037037037037 0.13842592592592592 0.09398148148148149
0 0.07083333333333333 0.11342592592592593 0.1259259259259259 0.20879629629629629
0 0.6162037037037037 0.8574074074074074 0.22685185185185186 0.09537037037037037
0 0.03009259259259259 0.7319444444444444 0.06018518518518518 0.1300925925925926
0 0.36574074074074076 0.24166666666666667 0.1486111111111111 0.05092592592592592
0 0.4671296296296296 0.3148148148148148 0.19722222222222222 0.060648148148148145
0 0.05462962962962963 0.19398148148148148 0.10925925925925926 0.058333333333333334
0 0.8412037037037037 0.15648148148148147 0.07962962962962963 0.1037037037037037
0 0.23657407407407408 0.31157407407407406 0.056018518518518516 0.07314814814814814
0 0.7092592592592593 0.5736111111111111 0.09814814814814815 0.03611111111111111
0 0.7685185185185185 0.9805555555555555 0.15 0.03888888888888889
0 0.38842592592592595 0.9763888888888889 0.13240740740740742 0.04722222222222222
0 0.937962962962963 0.7782407407407408 0.12407407407407407 0.11481481481481481