0 0.6759259259259259 0.7212962962962963 0.4513888888888889 0.1486111111111111
0 0.7912037037037037 0.9023148148148148 0.2671296296296296 0.19212962962962962
0 0.8092592592592592 0.42592592592592593 0.3685185185185185 0.14212962962962963
0 0.3013888888888889 0.8361111111111111 0.1935185185185185 0.225
0 0.37592592592592594 0.26851851851851855 0.18888888888888888 0.08425925925925926
0 0.14305555555555555 0.22175925925925927 0.2861111111111111 0.15
0 0.7935185185185185 0.27824074074074073 0.1125 0.1125
0 0.9342592592592592 0.1648148148148148 0.12824074074074074 0.23287037037037037
0 0.07407407407407407 0.899074074074074 0.14814814814814814 0.12037037037037036
0 0.0837962962962963 0.7625 0.16712962962962963 0.09675925925925925
0 0.39861111111111114 0.8648148148148148 0.11574074074074074 0.2263888888888889
0 0.5185185185185185 0.8907407407407407 0.175 0.2
0 0.13703703703703704 0.5143518518518518 0.15648148148148147 0.09027777777777778
0 0.3287037037037037 0.10092592592592593 0.22685185185185186 0.15416666666666667
0 0.5611111111111111 0.30787037037037035 0.07453703703703704 0.10694444444444444
0 0.5023148148148148 0.04537037037037037 0.13240740740740742 0.0625
0 0.7412037037037037 0.13796296296296295 0.19212962962962962 0.09583333333333334