0 0.5611111111111111 0.34444444444444444 0.26851851851851855 0.2638888888888889
0 0.6986111111111111 0.6601851851851852 0.4 0.3111111111111111
0 0.07175925925925926 0.9296296296296296 0.14351851851851852 0.1375
0 0.36018518518518516 0.6773148148148148 0.10787037037037037 0.35462962962962963
0 0.13287037037037036 0.5370370370370371 0.15555555555555556 0.26435185185185184
0 0.1375 0.09861111111111111 0.0875 0.19675925925925927
0 0.39166666666666666 0.12222222222222222 0.10324074074074074 0.08703703703703704
0 0.7291666666666666 0.11481481481481481 0.04722222222222222 0.12361111111111112
0 0.8861111111111111 0.5662037037037037 0.15833333333333333 0.10833333333333334
0 0.17083333333333334 0.8782407407407408 0.14537037037037037 0.24351851851851852
0 0.0412037037037037 0.7796296296296297 0.0824074074074074 0.09074074074074075
0 0.28564814814814815 0.2388888888888889 0.08194444444444444 0.06666666666666667
0 0.26481481481481484 0.4287037037037037 0.07592592592592592 0.08333333333333333
0 0.058333333333333334 0.42268518518518516 0.10787037037037037 0.22361111111111112
0 0.18564814814814815 0.2050925925925926 0.08518518518518518 0.06527777777777778