0 0.6236111111111111 0.2796296296296296 0.2462962962962963 0.23425925925925925
0 0.7486111111111111 0.6069444444444444 0.15925925925925927 0.4361111111111111
0 0.3962962962962963 0.5171296296296296 0.18611111111111112 0.6157407407407407
0 0.10787037037037037 0.5671296296296297 0.15925925925925927 0.19074074074074074
0 0.5462962962962963 0.5625 0.16666666666666666 0.3
0 0.06342592592592593 0.9092592592592592 0.06388888888888888 0.1814814814814815
0 0.7944444444444444 0.2101851851851852 0.09259259259259259 0.14814814814814814
0 0.9254629629629629 0.950925925925926 0.14537037037037037 0.09814814814814815
0 0.861574074074074 0.37824074074074077 0.12407407407407407 0.11296296296296296
0 0.775 0.8944444444444445 0.08425925925925926 0.2111111111111111
0 0.24351851851851852 0.6273148148148148 0.13148148148148148 0.12962962962962962
0 0.586574074074074 0.9217592592592593 0.26666666666666666 0.15648148148148147
0 0.26851851851851855 0.9412037037037037 0.225 0.1175925925925926
0 0.1587962962962963 0.9490740740740741 0.11388888888888889 0.10185185185185185