0 0.2523148148148148 0.8935185185185185 0.5046296296296297 0.20925925925925926
0 0.8930555555555556 0.2388888888888889 0.2111111111111111 0.17175925925925925
0 0.07037037037037037 0.6759259259259259 0.14074074074074075 0.1638888888888889
0 0.5282407407407408 0.2375 0.15 0.1875
0 0.30787037037037035 0.7157407407407408 0.14675925925925926 0.2375
0 0.2796296296296296 0.1685185185185185 0.23425925925925925 0.25925925925925924
0 0.05648148148148148 0.19537037037037036 0.1125 0.11574074074074074
0 0.7078703703703704 0.8069444444444445 0.3 0.17037037037037037
0 0.7564814814814815 0.4273148148148148 0.39351851851851855 0.14212962962962963
0 0.5212962962962963 0.7314814814814815 0.18888888888888888 0.10925925925925926
0 0.2953703703703704 0.49212962962962964 0.5907407407407408 0.1935185185185185
0 0.7555555555555555 0.9421296296296297 0.29212962962962963 0.1125