0 0.5833333333333334 0.05925925925925926 0.15185185185185185 0.10555555555555556
0 0.4703703703703704 0.5152777777777777 0.13055555555555556 0.10555555555555556
0 0.31574074074074077 0.7643518518518518 0.13333333333333333 0.08888888888888889
0 0.43333333333333335 0.9273148148148148 0.12037037037037036 0.14537037037037037
0 0.8939814814814815 0.46111111111111114 0.08148148148148149 0.07037037037037037
0 0.7703703703703704 0.9689814814814814 0.1111111111111111 0.062037037037037036
0 0.24768518518518517 0.4587962962962963 0.06944444444444445 0.13518518518518519
0 0.537962962962963 0.7282407407407407 0.08333333333333333 0.17962962962962964
0 0.7875 0.5439814814814815 0.044444444444444446 0.0824074074074074
0 0.1736111111111111 0.05694444444444444 0.075 0.10925925925925926
0 0.33287037037037037 0.5638888888888889 0.10925925925925926 0.11666666666666667
0 0.25462962962962965 0.9018518518518519 0.14907407407407408 0.06574074074074074
0 0.5972222222222222 0.5523148148148148 0.14629629629629629 0.15092592592592594
0 0.975925925925926 0.1962962962962963 0.04814814814814815 0.1111111111111111
0 0.1037037037037037 0.2518518518518518 0.05 0.12407407407407407
0 0.4861111111111111 0.022685185185185187 0.06851851851851852 0.04537037037037037
0 0.03564814814814815 0.9462962962962963 0.06666666666666667 0.053703703703703705
0 0.7087962962962963 0.4888888888888889 0.1037037037037037 0.05462962962962963
0 0.9861111111111112 0.7393518518518518 0.027777777777777776 0.0787037037037037
0 0.08148148148148149 0.03888888888888889 0.05740740740740741 0.07777777777777778
0 0.6986111111111111 0.6412037037037037 0.07592592592592592 0.05740740740740741
0 0.9726851851851852 0.663425925925926 0.05 0.040740740740740744
0 0.17916666666666667 0.6361111111111111 0.04722222222222222 0.13333333333333333
0 0.5337962962962963 0.1537037037037037 0.08333333333333333 0.11296296296296296
0 0.05740740740740741 0.33564814814814814 0.03888888888888889 0.1
0 0.013888888888888888 0.43287037037037035 0.026851851851851852 0.09259259259259259
0 0.030555555555555555 0.600925925925926 0.049074074074074076 0.058333333333333334
0 0.8805555555555555 0.9680555555555556 0.07407407407407407 0.06388888888888888
0 0.013425925925925926 0.3537037037037037 0.026851851851851852 0.07592592592592592