0 0.14537037037037037 0.06481481481481481 0.29074074074074074 0.12962962962962962
0 0.6023148148148149 0.16620370370370371 0.09861111111111111 0.1986111111111111
0 0.24212962962962964 0.21481481481481482 0.27175925925925926 0.17037037037037037
0 0.5851851851851851 0.6462962962962963 0.25787037037037036 0.09212962962962963
0 0.4023148148148148 0.2111111111111111 0.13287037037037036 0.1875
0 0.44212962962962965 0.10231481481481482 0.1125 0.07962962962962963
0 0.6435185185185185 0.49907407407407406 0.17175925925925925 0.21388888888888888
0 0.8796296296296297 0.06712962962962964 0.2375 0.13425925925925927
0 0.5194444444444445 0.8634259259259259 0.10787037037037037 0.08287037037037037
0 0.20787037037037037 0.3055555555555556 0.15 0.11388888888888889
0 0.5444444444444444 0.03148148148148148 0.09537037037037037 0.0625
0 0.25 0.3365740740740741 0.15648148148148147 0.13287037037037036