0 0.26944444444444443 0.26944444444444443 0.17962962962962964 0.2013888888888889
0 0.7037037037037037 0.3013888888888889 0.19212962962962962 0.14675925925925926
0 0.6476851851851851 0.6407407407407407 0.19537037037037036 0.11574074074074074
0 0.9282407407407407 0.3263888888888889 0.14074074074074075 0.15925925925925927
0 0.5986111111111111 0.4203703703703704 0.1125 0.12175925925925926
0 0.09768518518518518 0.5740740740740741 0.19537037037037036 0.09861111111111111
0 0.6921296296296297 0.10138888888888889 0.1375 0.075
0 0.7342592592592593 0.7467592592592592 0.24351851851851852 0.125
0 0.47824074074074074 0.14907407407407408 0.20833333333333334 0.29814814814814816
0 0.8810185185185185 0.46805555555555556 0.17175925925925925 0.1111111111111111
0 0.32314814814814813 0.475462962962963 0.275 0.1337962962962963
0 0.9541666666666667 0.6157407407407407 0.0912037037037037 0.11296296296296296
0 0.14351851851851852 0.32037037037037036 0.15324074074074073 0.12453703703703704