0 0.65 0.2351851851851852 0.23425925925925925 0.22962962962962963
0 0.16157407407407406 0.7180555555555556 0.16712962962962963 0.10138888888888889
0 0.325 0.5680555555555555 0.14675925925925926 0.3638888888888889
0 0.23287037037037037 0.19675925925925927 0.2 0.24351851851851852
0 0.3680555555555556 0.20555555555555555 0.12037037037037036 0.08611111111111111
0 0.09212962962962963 0.10648148148148148 0.11574074074074074 0.2125
0 0.2125 0.8837962962962963 0.05 0.1111111111111111
0 0.05925925925925926 0.9078703703703703 0.11851851851851852 0.1814814814814815
0 0.46574074074074073 0.05555555555555555 0.13148148148148148 0.1111111111111111
0 0.36018518518518516 0.9115740740740741 0.07361111111111111 0.08611111111111111
0 0.6643518518518519 0.053703703703703705 0.04537037037037037 0.10740740740740741
0 0.15138888888888888 0.8773148148148148 0.12175925925925926 0.21388888888888888
0 0.45 0.3486111111111111 0.05324074074074074 0.12824074074074074