0 0.5444444444444444 0.8305555555555556 0.2953703703703704 0.26666666666666666
0 0.5263888888888889 0.6064814814814815 0.2962962962962963 0.11574074074074074
0 0.8592592592592593 0.3851851851851852 0.2777777777777778 0.11666666666666667
0 0.44074074074074077 0.3962962962962963 0.15 0.21388888888888888
0 0.17037037037037037 0.40694444444444444 0.11851851851851852 0.2074074074074074
0 0.5087962962962963 0.15648148148148147 0.20462962962962963 0.21851851851851853
0 0.7490740740740741 0.4740740740740741 0.10462962962962963 0.05185185185185185
0 0.8013888888888889 0.6611111111111111 0.15925925925925927 0.18425925925925926
0 0.13425925925925927 0.1361111111111111 0.11851851851851852 0.2657407407407407
0 0.6217592592592592 0.5092592592592593 0.1037037037037037 0.05648148148148148
0 0.3337962962962963 0.12638888888888888 0.21666666666666667 0.1685185185185185
0 0.32592592592592595 0.3236111111111111 0.06666666666666667 0.08148148148148149