0 0.375 0.34444444444444444 0.10925925925925926 0.2740740740740741
0 0.1361111111111111 0.08194444444444444 0.26851851851851855 0.16111111111111112
0 0.3287037037037037 0.09212962962962963 0.12962962962962962 0.14629629629629629
0 0.538425925925926 0.2759259259259259 0.21666666666666667 0.20462962962962963
0 0.5069444444444444 0.05648148148148148 0.14814814814814814 0.10925925925925926
0 0.3819444444444444 0.6888888888888889 0.08888888888888889 0.25
0 0.03888888888888889 0.6685185185185185 0.075 0.3277777777777778
0 0.24444444444444444 0.34120370370370373 0.16111111111111112 0.31666666666666665
0 0.9425925925925925 0.9009259259259259 0.08148148148148149 0.19814814814814816
0 0.6388888888888888 0.46574074074074073 0.25925925925925924 0.2537037037037037
0 0.20694444444444443 0.6430555555555556 0.12407407407407407 0.12685185185185185