0 0.20092592592592592 0.8763888888888889 0.12962962962962962 0.24351851851851852
0 0.4976851851851852 0.5194444444444445 0.21481481481481482 0.1388888888888889
0 0.6439814814814815 0.2851851851851852 0.2388888888888889 0.10092592592592593
0 0.7643518518518518 0.500462962962963 0.07962962962962963 0.12962962962962962
0 0.6203703703703703 0.44027777777777777 0.13703703703703704 0.2037037037037037
0 0.8208333333333333 0.8083333333333333 0.09537037037037037 0.07314814814814814
0 0.3263888888888889 0.6055555555555555 0.26851851851851855 0.16666666666666666
0 0.46064814814814814 0.6620370370370371 0.11296296296296296 0.11666666666666667
0 0.48055555555555557 0.9171296296296296 0.12037037037037036 0.10277777777777777
0 0.6847222222222222 0.7805555555555556 0.12962962962962962 0.12314814814814815
0 0.9273148148148148 0.09861111111111111 0.14537037037037037 0.15