0 0.8217592592592593 0.6657407407407407 0.35324074074074074 0.24675925925925926
0 0.65 0.08842592592592592 0.15324074074074073 0.12361111111111112
0 0.7532407407407408 0.4634259259259259 0.2 0.2388888888888889
0 0.4148148148148148 0.6314814814814815 0.1763888888888889 0.15
0 0.7819444444444444 0.2814814814814815 0.18611111111111112 0.1625
0 0.48842592592592593 0.40555555555555556 0.07962962962962963 0.1361111111111111
0 0.8717592592592592 0.4648148148148148 0.12824074074074074 0.14212962962962963
0 0.6263888888888889 0.5185185185185185 0.09351851851851851 0.20324074074074075
0 0.043055555555555555 0.04675925925925926 0.08611111111111111 0.09351851851851851
0 0.47962962962962963 0.7203703703703703 0.30925925925925923 0.3282407407407407
0 0.47638888888888886 0.32731481481481484 0.07175925925925926 0.10138888888888889
0 0.5578703703703703 0.5462962962962963 0.05648148148148148 0.08611111111111111