0 0.6111111111111112 0.37037037037037035 0.31851851851851853 0.19074074074074074
0 0.5361111111111111 0.7986111111111112 0.14675925925925926 0.23148148148148148
0 0.3685185185185185 0.35694444444444445 0.11851851851851852 0.06712962962962964
0 0.1537037037037037 0.7240740740740741 0.18287037037037038 0.12361111111111112
0 0.8773148148148148 0.2111111111111111 0.10462962962962963 0.10925925925925926
0 0.42407407407407405 0.24074074074074073 0.11388888888888889 0.11574074074074074
0 0.7944444444444444 0.549074074074074 0.24537037037037038 0.10462962962962963
0 0.2828703703703704 0.6398148148148148 0.2125 0.16111111111111112
0 0.08518518518518518 0.35138888888888886 0.10138888888888889 0.21851851851851853
0 0.7962962962962963 0.7773148148148148 0.18611111111111112 0.11388888888888889
0 0.6185185185185185 0.2162037037037037 0.15648148148148147 0.06712962962962964
0 0.05925925925925926 0.5226851851851851 0.09675925925925925 0.07361111111111111
0 0.1162037037037037 0.16574074074074074 0.09861111111111111 0.1
0 0.5768518518518518 0.5731481481481482 0.10555555555555556 0.0912037037037037