0 0.836574074074074 0.4185185185185185 0.16111111111111112 0.14629629629629629
0 0.35324074074074074 0.7564814814814815 0.1935185185185185 0.48703703703703705
0 0.5259259259259259 0.46805555555555556 0.2111111111111111 0.1388888888888889
0 0.6694444444444444 0.22175925925925927 0.25462962962962965 0.14351851851851852
0 0.6287037037037037 0.11481481481481481 0.14814814814814814 0.1111111111111111
0 0.30925925925925923 0.3837962962962963 0.1814814814814815 0.13333333333333333
0 0.65 0.38842592592592595 0.08148148148148149 0.1638888888888889
0 0.5171296296296296 0.2986111111111111 0.13148148148148148 0.07777777777777778
0 0.4046296296296296 0.2587962962962963 0.07222222222222222 0.08333333333333333
0 0.4078703703703704 0.09861111111111111 0.15925925925925927 0.1935185185185185
0 0.17314814814814813 0.14814814814814814 0.1259259259259259 0.07407407407407407