0 0.4287037037037037 0.35648148148148145 0.3425925925925926 0.6592592592592592
0 0.20879629629629629 0.711574074074074 0.08888888888888889 0.22037037037037038
0 0.6601851851851852 0.5342592592592592 0.08333333333333333 0.17777777777777778
0 0.09583333333333334 0.8962962962962963 0.18796296296296297 0.2074074074074074
0 0.375 0.8912037037037037 0.15 0.1638888888888889
0 0.6865740740740741 0.1337962962962963 0.13333333333333333 0.10185185185185185
0 0.7671296296296296 0.3384259259259259 0.2462962962962963 0.4361111111111111
0 0.3611111111111111 0.6782407407407407 0.09074074074074075 0.18703703703703703
0 0.48194444444444445 0.8875 0.18333333333333332 0.225
0 0.2037037037037037 0.9365740740740741 0.09814814814814815 0.1259259259259259
0 0.5013888888888889 0.5115740740740741 0.9962962962962963 0.975925925925926