0 0.11157407407407408 0.36527777777777776 0.22314814814814815 0.09814814814814815
0 0.23287037037037037 0.06388888888888888 0.17407407407407408 0.12222222222222222
0 0.5958333333333333 0.8333333333333334 0.24814814814814815 0.10555555555555556
0 0.6930555555555555 0.35462962962962963 0.21944444444444444 0.09444444444444444
0 0.15138888888888888 0.1375 0.2740740740740741 0.14814814814814814
0 0.11805555555555555 0.2375 0.2361111111111111 0.08703703703703704
0 0.4134259259259259 0.23981481481481481 0.09074074074074075 0.19444444444444445
0 0.08981481481481482 0.5356481481481481 0.06851851851851852 0.08611111111111111
0 0.7541666666666667 0.9050925925925926 0.25833333333333336 0.10740740740740741
0 0.46944444444444444 0.4115740740740741 0.1259259259259259 0.062037037037037036
0 0.16898148148148148 0.4412037037037037 0.08888888888888889 0.06666666666666667
0 0.9254629629629629 0.7902777777777777 0.1259259259259259 0.10925925925925926
0 0.14675925925925926 0.9453703703703704 0.18055555555555555 0.10740740740740741
0 0.9537037037037037 0.3675925925925926 0.08333333333333333 0.11296296296296296
0 0.35185185185185186 0.6944444444444444 0.16944444444444445 0.11851851851851852
0 0.5328703703703703 0.02175925925925926 0.1648148148148148 0.04259259259259259
0 0.3819444444444444 0.9087962962962963 0.10648148148148148 0.1
0 0.5819444444444445 0.5375 0.1537037037037037 0.05740740740740741
0 0.10231481481481482 0.7180555555555556 0.18333333333333332 0.05555555555555555
0 0.6527777777777778 0.6226851851851852 0.046296296296296294 0.12407407407407407
0 0.4166666666666667 0.11898148148148148 0.11666666666666667 0.1111111111111111
0 0.6273148148148148 0.175 0.2462962962962963 0.062037037037037036