0 0.4263888888888889 0.5615740740740741 0.325 0.2833333333333333
0 0.6694444444444444 0.4462962962962963 0.11666666666666667 0.24814814814814815
0 0.3398148148148148 0.1625 0.1574074074074074 0.225
0 0.3282407407407407 0.3787037037037037 0.17222222222222222 0.20185185185185187
0 0.4648148148148148 0.06944444444444445 0.07037037037037037 0.1361111111111111
0 0.10694444444444444 0.7087962962962963 0.17407407407407408 0.39814814814814814
0 0.7064814814814815 0.11574074074074074 0.08703703703703704 0.15925925925925927
0 0.05 0.2361111111111111 0.0962962962962963 0.13703703703703704
0 0.475 0.35462962962962963 0.11574074074074074 0.21574074074074073
0 0.8662037037037037 0.8662037037037037 0.09814814814814815 0.11018518518518519
0 0.9296296296296296 0.2671296296296296 0.06574074074074074 0.12407407407407407