0 0.43842592592592594 0.5736111111111111 0.2828703703703704 0.325
0 0.5537037037037037 0.33055555555555555 0.24861111111111112 0.11712962962962963
0 0.8375 0.6601851851851852 0.225 0.15787037037037038
0 0.6212962962962963 0.6717592592592593 0.2013888888888889 0.17175925925925925
0 0.9305555555555556 0.5351851851851852 0.1361111111111111 0.07037037037037037
0 0.2912037037037037 0.8930555555555556 0.39861111111111114 0.1736111111111111
0 0.8842592592592593 0.2935185185185185 0.15925925925925927 0.0875
0 0.7638888888888888 0.95 0.1375 0.09675925925925925
0 0.6453703703703704 0.525 0.21574074074074073 0.11574074074074074
0 0.1337962962962963 0.1337962962962963 0.11018518518518519 0.09861111111111111
0 0.7328703703703704 0.07037037037037037 0.12453703703703704 0.06574074074074074