0 0.45694444444444443 0.4861111111111111 0.3138888888888889 0.21851851851851853
0 0.7712962962962963 0.5953703703703703 0.1574074074074074 0.25
0 0.6328703703703704 0.7490740740740741 0.1537037037037037 0.14537037037037037
0 0.5138888888888888 0.06805555555555555 0.075 0.13333333333333333
0 0.8805555555555555 0.5861111111111111 0.22407407407407406 0.23425925925925925
0 0.052314814814814814 0.5819444444444445 0.10185185185185185 0.13333333333333333
0 0.1287037037037037 0.6662037037037037 0.06666666666666667 0.15462962962962962
0 0.18518518518518517 0.49212962962962964 0.07407407407407407 0.16296296296296298
0 0.1648148148148148 0.043055555555555555 0.15462962962962962 0.08333333333333333
0 0.19583333333333333 0.9064814814814814 0.0712962962962963 0.18703703703703703
0 0.27361111111111114 0.2828703703703704 0.10925925925925926 0.12222222222222222
0 0.06388888888888888 0.3976851851851852 0.125 0.4361111111111111
0 0.6722222222222223 0.3106481481481482 0.12037037037037036 0.16666666666666666