0 0.14675925925925926 0.4444444444444444 0.17824074074074073 0.2361111111111111
0 0.3921296296296296 0.37592592592592594 0.2657407407407407 0.1638888888888889
0 0.7898148148148149 0.425 0.1638888888888889 0.2875
0 0.7671296296296296 0.08055555555555556 0.2125 0.16111111111111112
0 0.6865740740740741 0.7337962962962963 0.1638888888888889 0.20462962962962963
0 0.6314814814814815 0.35648148148148145 0.10324074074074074 0.275
0 0.14351851851851852 0.18194444444444444 0.12175925925925926 0.1388888888888889
0 0.924074074074074 0.5912037037037037 0.1486111111111111 0.16712962962962963
0 0.4009259259259259 0.2638888888888889 0.17962962962962964 0.13148148148148148
0 0.7685185185185185 0.861574074074074 0.24351851851851852 0.27361111111111114
0 0.2671296296296296 0.861574074074074 0.2 0.2013888888888889
0 0.9537037037037037 0.42268518518518516 0.08888888888888889 0.14212962962962963
0 0.5930555555555556 0.1439814814814815 0.3101851851851852 0.11898148148148148
0 0.06574074074074074 0.875 0.13148148148148148 0.15925925925925927
0 0.500462962962963 0.8643518518518518 0.13287037037037036 0.15324074074074073