0 0.07731481481481481 0.11574074074074074 0.15462962962962962 0.10925925925925926
0 0.6087962962962963 0.5944444444444444 0.09861111111111111 0.12037037037037036
0 0.32592592592592595 0.7092592592592593 0.22962962962962963 0.2064814814814815
0 0.8157407407407408 0.7148148148148148 0.13148148148148148 0.1111111111111111
0 0.9546296296296296 0.7935185185185185 0.0875 0.17824074074074073
0 0.20324074074074075 0.9138888888888889 0.11574074074074074 0.0625
0 0.32037037037037036 0.16712962962962963 0.075 0.10324074074074074
0 0.04351851851851852 0.586574074074074 0.08703703703703704 0.06388888888888888
0 0.7425925925925926 0.0412037037037037 0.19814814814814816 0.0824074074074074
0 0.30694444444444446 0.019444444444444445 0.14212962962962963 0.03888888888888889
0 0.8944444444444445 0.7342592592592593 0.08287037037037037 0.2625
0 0.4337962962962963 0.03611111111111111 0.16712962962962963 0.07175925925925926