0 0.6555555555555556 0.375 0.2740740740740741 0.10925925925925926
0 0.9180555555555555 0.1361111111111111 0.16111111111111112 0.26851851851851855
0 0.9078703703703703 0.3287037037037037 0.14629629629629629 0.12962962962962962
0 0.7240740740740741 0.538425925925926 0.20462962962962963 0.21666666666666667
0 0.9435185185185185 0.5069444444444444 0.10925925925925926 0.14814814814814814
0 0.3111111111111111 0.3819444444444444 0.25 0.08888888888888889
0 0.3314814814814815 0.03888888888888889 0.3277777777777778 0.075
0 0.6587962962962963 0.24444444444444444 0.31666666666666665 0.16111111111111112
0 0.09907407407407408 0.9425925925925925 0.19814814814814816 0.08148148148148149
0 0.5342592592592592 0.6388888888888888 0.2537037037037037 0.25925925925925924
0 0.35694444444444445 0.20694444444444443 0.12685185185185185 0.12407407407407407