0 0.11157407407407408 0.6347222222222222 0.22314814814814815 0.09814814814814815
0 0.23287037037037037 0.9361111111111111 0.17453703703703705 0.12175925925925926
0 0.5958333333333333 0.16666666666666666 0.24814814814814815 0.10555555555555556
0 0.6930555555555555 0.6453703703703704 0.21944444444444444 0.09490740740740741
0 0.15138888888888888 0.8625 0.2740740740740741 0.14814814814814814
0 0.11805555555555555 0.7625 0.2361111111111111 0.0875
0 0.4134259259259259 0.7601851851851852 0.09027777777777778 0.19398148148148148
0 0.08981481481481482 0.46435185185185185 0.06851851851851852 0.08611111111111111
0 0.7541666666666667 0.09490740740740741 0.25833333333333336 0.10740740740740741
0 0.46944444444444444 0.5884259259259259 0.12638888888888888 0.062037037037037036
0 0.16898148148148148 0.5587962962962963 0.08935185185185185 0.06712962962962964
0 0.9254629629629629 0.20972222222222223 0.12546296296296297 0.10972222222222222
0 0.14675925925925926 0.05462962962962963 0.18055555555555555 0.10694444444444444
0 0.9537037037037037 0.6324074074074074 0.08287037037037037 0.11342592592592593
0 0.35185185185185186 0.3055555555555556 0.16944444444444445 0.11851851851851852
0 0.5328703703703703 0.9782407407407407 0.1648148148148148 0.043055555555555555
0 0.3819444444444444 0.0912037037037037 0.10648148148148148 0.10046296296296296
0 0.5819444444444445 0.4625 0.15416666666666667 0.05740740740740741
0 0.10231481481481482 0.28194444444444444 0.18333333333333332 0.05555555555555555
0 0.6527777777777778 0.3773148148148148 0.04583333333333333 0.12453703703703704
0 0.4166666666666667 0.8810185185185185 0.11712962962962963 0.11064814814814815
0 0.6273148148148148 0.825 0.24583333333333332 0.062037037037037036