0 0.6412037037037037 0.7611111111111111 0.24861111111111112 0.225
0 0.4013888888888889 0.22268518518518518 0.10324074074074074 0.14537037037037037
0 0.35694444444444445 0.8726851851851852 0.18611111111111112 0.1361111111111111
0 0.20462962962962963 0.6171296296296296 0.27175925925925926 0.14351851851851852
0 0.42592592592592593 0.5212962962962963 0.19537037037037036 0.2638888888888889
0 0.2125 0.2162037037037037 0.1 0.1388888888888889
0 0.5092592592592593 0.2902777777777778 0.0962962962962963 0.12638888888888888
0 0.7444444444444445 0.562962962962963 0.18287037037037038 0.125
0 0.8629629629629629 0.1824074074074074 0.1824074074074074 0.1259259259259259
0 0.9416666666666667 0.3143518518518518 0.11666666666666667 0.11574074074074074
0 0.16296296296296298 0.4898148148148148 0.2740740740740741 0.18981481481481483