0 0.6555555555555556 0.5351851851851852 0.4111111111111111 0.17962962962962964
0 0.05462962962962963 0.5611111111111111 0.10925925925925926 0.15
0 0.6814814814814815 0.6921296296296297 0.4564814814814815 0.1375
0 0.5236111111111111 0.1537037037037037 0.2657407407407407 0.15138888888888888
0 0.2412037037037037 0.7157407407407408 0.27361111111111114 0.12824074074074074
0 0.6513888888888889 0.8513888888888889 0.25324074074074077 0.1875
0 0.5 0.35324074074074074 0.25925925925925924 0.35324074074074074
0 0.1712962962962963 0.5782407407407407 0.19212962962962962 0.07824074074074074
0 0.19768518518518519 0.9282407407407407 0.12361111111111112 0.14074074074074075
0 0.38981481481481484 0.9384259259259259 0.1986111111111111 0.12037037037037036
0 0.11574074074074074 0.11666666666666667 0.15601851851851853 0.23287037037037037