0 0.5615740740740741 0.4671296296296296 0.14444444444444443 0.1787037037037037
0 0.3773148148148148 0.3824074074074074 0.1 0.08796296296296297
0 0.37175925925925923 0.24537037037037038 0.16203703703703703 0.12314814814814815
0 0.8069444444444445 0.2662037037037037 0.16018518518518518 0.09259259259259259
0 0.6555555555555556 0.2324074074074074 0.1814814814814815 0.09259259259259259
0 0.663425925925926 0.8467592592592592 0.21666666666666667 0.10092592592592593
0 0.9263888888888889 0.36342592592592593 0.053703703703703705 0.11296296296296296
0 0.24166666666666667 0.1587962962962963 0.10462962962962963 0.20462962962962963
0 0.9675925925925926 0.19722222222222222 0.06481481481481481 0.16111111111111112
0 0.9453703703703704 0.5652777777777778 0.1037037037037037 0.13148148148148148
0 0.14675925925925926 0.975 0.15 0.05
0 0.5268518518518519 0.34305555555555556 0.04814814814814815 0.0712962962962963
0 0.6162037037037037 0.05648148148148148 0.08055555555555556 0.10277777777777777
0 0.5458333333333333 0.07407407407407407 0.08518518518518518 0.14629629629629629
0 0.6847222222222222 0.7481481481481481 0.07222222222222222 0.07037037037037037
0 0.43148148148148147 0.8736111111111111 0.1037037037037037 0.09166666666666666
0 0.7439814814814815 0.5407407407407407 0.05555555555555555 0.14629629629629629
0 0.4152777777777778 0.7 0.08796296296296297 0.10740740740740741
0 0.046296296296296294 0.5430555555555555 0.09259259259259259 0.12685185185185185
0 0.30462962962962964 0.8115740740740741 0.12777777777777777 0.13425925925925927
0 0.1388888888888889 0.17083333333333334 0.1111111111111111 0.06481481481481481
0 0.11203703703703703 0.7708333333333334 0.12314814814814815 0.05462962962962963
0 0.6013888888888889 0.16527777777777777 0.06296296296296296 0.05925925925925926