0 0.10555555555555556 0.1287037037037037 0.1037037037037037 0.12962962962962962
0 0.32037037037037036 0.16712962962962963 0.17685185185185184 0.22037037037037038
0 0.674074074074074 0.06620370370370371 0.2074074074074074 0.13240740740740742
0 0.3398148148148148 0.7560185185185185 0.1111111111111111 0.2222222222222222
0 0.8379629629629629 0.30694444444444446 0.0712962962962963 0.06111111111111111
0 0.26944444444444443 0.03194444444444444 0.16666666666666666 0.06388888888888888
0 0.324537037037037 0.4986111111111111 0.17777777777777778 0.13333333333333333
0 0.875 0.22361111111111112 0.053703703703703705 0.04259259259259259
0 0.8296296296296296 0.2 0.03148148148148148 0.06111111111111111
0 0.8768518518518519 0.274537037037037 0.041666666666666664 0.04814814814814815
0 0.053703703703703705 0.6268518518518519 0.10740740740740741 0.15833333333333333
0 0.5791666666666667 0.6157407407407407 0.09814814814814815 0.11203703703703703