0 0.5064814814814815 0.8694444444444445 0.25925925925925924 0.2574074074074074
0 0.2657407407407407 0.7337962962962963 0.17222222222222222 0.37037037037037035
0 0.7430555555555556 0.7569444444444444 0.27037037037037037 0.26666666666666666
0 0.24074074074074073 0.33055555555555555 0.18703703703703703 0.21666666666666667
0 0.48194444444444445 0.5819444444444445 0.18888888888888888 0.1925925925925926
0 0.1259259259259259 0.9587962962962963 0.17037037037037037 0.07962962962962963
0 0.7111111111111111 0.35694444444444445 0.23703703703703705 0.5074074074074074
0 0.9236111111111112 0.8435185185185186 0.14629629629629629 0.30925925925925923
0 0.6694444444444444 0.924074074074074 0.09259259259259259 0.14814814814814814
0 0.5023148148148148 0.3587962962962963 0.11666666666666667 0.2574074074074074
0 0.4162037037037037 0.43148148148148147 0.22037037037037038 0.25925925925925924
0 0.4861111111111111 0.6851851851851852 0.26296296296296295 0.23333333333333334
0 0.7287037037037037 0.08611111111111111 0.24259259259259258 0.17222222222222222
0 0.9314814814814815 0.5462962962962963 0.13425925925925927 0.22685185185185186