0 0.16805555555555557 0.3055555555555556 0.2074074074074074 0.1638888888888889
0 0.6282407407407408 0.8314814814814815 0.2037037037037037 0.2064814814814815
0 0.45231481481481484 0.5796296296296296 0.29814814814814816 0.2814814814814815
0 0.07175925925925926 0.16944444444444445 0.14351851851851852 0.18611111111111112
0 0.8865740740740741 0.924074074074074 0.18888888888888888 0.15185185185185185
0 0.16111111111111112 0.5314814814814814 0.32222222222222224 0.2777777777777778
0 0.03888888888888889 0.6944444444444444 0.07777777777777778 0.1111111111111111
0 0.05648148148148148 0.7912037037037037 0.11296296296296296 0.4166666666666667
0 0.5115740740740741 0.4134259259259259 0.3425925925925926 0.24814814814814815
0 0.24675925925925926 0.06851851851851852 0.13148148148148148 0.13425925925925927
0 0.7578703703703704 0.4148148148148148 0.1 0.21388888888888888
0 0.30925925925925923 0.1935185185185185 0.07222222222222222 0.15925925925925927