0 0.1875 0.3282407407407407 0.35 0.125
0 0.7023148148148148 0.5611111111111111 0.3638888888888889 0.09074074074074075
0 0.8134259259259259 0.375 0.09537037037037037 0.14629629629629629
0 0.31851851851851853 0.5537037037037037 0.1 0.11666666666666667
0 0.3578703703703704 0.8648148148148148 0.21851851851851853 0.2638888888888889
0 0.5476851851851852 0.611574074074074 0.1361111111111111 0.12037037037037036
0 0.12129629629629629 0.6615740740740741 0.24259259259259258 0.17685185185185184
0 0.10555555555555556 0.047685185185185185 0.1574074074074074 0.09259259259259259
0 0.07268518518518519 0.1361111111111111 0.14537037037037037 0.09351851851851851
0 0.961574074074074 0.8263888888888888 0.07407407407407407 0.07222222222222222
0 0.7351851851851852 0.12361111111111112 0.1574074074074074 0.09074074074074075
0 0.8949074074074074 0.0763888888888889 0.13796296296296295 0.1527777777777778
0 0.4537037037037037 0.6375 0.13333333333333333 0.05
0 0.9157407407407407 0.38842592592592595 0.1037037037037037 0.04814814814814815
0 0.9217592592592593 0.18888888888888888 0.14074074074074075 0.07222222222222222
0 0.2851851851851852 0.43194444444444446 0.20462962962962963 0.17962962962962964
0 0.462037037037037 0.2569444444444444 0.11481481481481481 0.1574074074074074