0 0.7407407407407407 0.6893518518518519 0.09722222222222222 0.07592592592592592
0 0.9490740740740741 0.9268518518518518 0.10185185185185185 0.14629629629629629
0 0.09398148148148149 0.6935185185185185 0.08518518518518518 0.09537037037037037
0 0.1865740740740741 0.7708333333333334 0.08796296296296297 0.11203703703703703
0 0.34629629629629627 0.649537037037037 0.11851851851851852 0.17962962962962964
0 0.0375 0.11481481481481481 0.075 0.07962962962962963
0 0.5467592592592593 0.6537037037037037 0.06111111111111111 0.20185185185185187
0 0.4162037037037037 0.9282407407407407 0.09444444444444444 0.1388888888888889
0 0.11342592592592593 0.9291666666666667 0.20925925925925926 0.1259259259259259
0 0.8574074074074074 0.3837962962962963 0.09537037037037037 0.22685185185185186
0 0.7319444444444444 0.9699074074074074 0.12962962962962962 0.06018518518518518
0 0.24166666666666667 0.6342592592592593 0.05092592592592592 0.14814814814814814
0 0.3148148148148148 0.5328703703703703 0.06111111111111111 0.19722222222222222
0 0.19398148148148148 0.9453703703703704 0.058333333333333334 0.10925925925925926
0 0.15648148148148147 0.1587962962962963 0.1037037037037037 0.07962962962962963
0 0.31157407407407406 0.763425925925926 0.07314814814814814 0.05648148148148148
0 0.5736111111111111 0.29074074074074074 0.03611111111111111 0.09814814814814815
0 0.9805555555555555 0.23148148148148148 0.03888888888888889 0.15
0 0.9763888888888889 0.611574074074074 0.04722222222222222 0.13240740740740742
0 0.7782407407407408 0.062037037037037036 0.11481481481481481 0.12407407407407407