0 0.4828703703703704 0.7587962962962963 0.07777777777777778 0.3388888888888889
0 0.5712962962962963 0.6898148148148148 0.08611111111111111 0.19814814814814816
0 0.32407407407407407 0.6717592592592593 0.1111111111111111 0.23425925925925925
0 0.35555555555555557 0.39444444444444443 0.12962962962962962 0.2759259259259259
0 0.9407407407407408 0.3388888888888889 0.05925925925925926 0.2777777777777778
0 0.22592592592592592 0.5444444444444444 0.22962962962962963 0.12962962962962962
0 0.9476851851851852 0.5638888888888889 0.10185185185185185 0.2
0 0.2412037037037037 0.05694444444444444 0.10740740740740741 0.1111111111111111
0 0.6953703703703704 0.7537037037037037 0.14351851851851852 0.1111111111111111
0 0.8578703703703704 0.8388888888888889 0.1814814814814815 0.32222222222222224
0 0.5361111111111111 0.20092592592592592 0.2064814814814815 0.2953703703703704