0 0.3638888888888889 0.26666666666666666 0.2351851851851852 0.2824074074074074
0 0.5916666666666667 0.5388888888888889 0.1111111111111111 0.06111111111111111
0 0.15 0.2537037037037037 0.22777777777777777 0.17222222222222222
0 0.24675925925925926 0.6097222222222223 0.19907407407407407 0.11666666666666667
0 0.42824074074074076 0.6523148148148148 0.14351851851851852 0.14444444444444443
0 0.2625 0.49166666666666664 0.24814814814814815 0.13518518518518519
0 0.5180555555555556 0.4648148148148148 0.17407407407407408 0.09074074074074075
0 0.5643518518518519 0.21481481481481482 0.13055555555555556 0.05555555555555555
0 0.4148148148148148 0.5018518518518519 0.07592592592592592 0.049074074074074076
0 0.6583333333333333 0.021296296296296296 0.15 0.041666666666666664
0 0.7837962962962963 0.13194444444444445 0.12037037037037036 0.12037037037037036
0 0.8824074074074074 0.8958333333333334 0.2351851851851852 0.06666666666666667