0 0.5138888888888888 0.5430555555555555 0.21851851851851853 0.3138888888888889
0 0.4046296296296296 0.22870370370370371 0.25 0.15787037037037038
0 0.25092592592592594 0.36712962962962964 0.14537037037037037 0.15324074074074073
0 0.9319444444444445 0.4861111111111111 0.13287037037037036 0.075
0 0.41388888888888886 0.11944444444444445 0.23425925925925925 0.22361111111111112
0 0.41805555555555557 0.9476851851851852 0.13287037037037036 0.10138888888888889
0 0.3337962962962963 0.8712962962962963 0.15462962962962962 0.06712962962962964
0 0.5078703703703704 0.8148148148148148 0.1625 0.07361111111111111
0 0.9569444444444445 0.8351851851851851 0.08287037037037037 0.15462962962962962
0 0.09351851851851851 0.8041666666666667 0.18703703703703703 0.0712962962962963
0 0.7171296296296297 0.7263888888888889 0.12175925925925926 0.10925925925925926
0 0.6023148148148149 0.9361111111111111 0.4361111111111111 0.125
0 0.6893518518518519 0.3277777777777778 0.16712962962962963 0.11990740740740741