0 0.7083333333333334 0.29768518518518516 0.25277777777777777 0.1685185185185185
0 0.8393518518518519 0.44537037037037036 0.14814814814814814 0.14444444444444443
0 0.5615740740740741 0.49953703703703706 0.12129629629629629 0.17592592592592593
0 0.9189814814814815 0.8425925925925926 0.14444444444444443 0.26481481481481484
0 0.8555555555555555 0.6671296296296296 0.18333333333333332 0.10277777777777777
0 0.08333333333333333 0.7300925925925926 0.16018518518518518 0.11203703703703703
0 0.30462962962962964 0.6731481481481482 0.10740740740740741 0.15833333333333333
0 0.9745370370370371 0.6351851851851852 0.05092592592592592 0.12407407407407407
0 0.16805555555555557 0.6157407407407407 0.07407407407407407 0.19814814814814816
0 0.6421296296296296 0.7208333333333333 0.10555555555555556 0.06759259259259259
0 0.43287037037037035 0.6430555555555556 0.1361111111111111 0.13796296296296295
0 0.09305555555555556 0.5634259259259259 0.16666666666666666 0.3
0 0.6699074074074074 0.9259259259259259 0.1787037037037037 0.14814814814814814
0 0.07546296296296297 0.3402777777777778 0.1388888888888889 0.2712962962962963
0 0.575925925925926 0.9657407407407408 0.14537037037037037 0.06851851851851852
0 0.2773148148148148 0.7962962962962963 0.19814814814814816 0.11388888888888889