0 0.5398148148148149 0.6574074074074074 0.1111111111111111 0.0962962962962963
0 0.2689814814814815 0.5819444444444445 0.12129629629629629 0.14074074074074075
0 0.637962962962963 0.7708333333333334 0.10185185185185185 0.1537037037037037
0 0.7708333333333334 0.9208333333333333 0.12222222222222222 0.15462962962962962
0 0.02638888888888889 0.04953703703703704 0.05277777777777778 0.09722222222222222
0 0.01712962962962963 0.9402777777777778 0.03333333333333333 0.10833333333333334
0 0.7587962962962963 0.7671296296296296 0.1 0.07222222222222222
0 0.38101851851851853 0.9490740740740741 0.0787037037037037 0.10185185185185185
0 0.7546296296296297 0.4842592592592593 0.1685185185185185 0.0962962962962963
0 0.6273148148148148 0.26296296296296295 0.12037037037037036 0.21666666666666667
0 0.47962962962962963 0.38842592592592595 0.08703703703703704 0.08518518518518518
0 0.4393518518518518 0.5296296296296297 0.1 0.14074074074074075
0 0.4 0.32037037037037036 0.08796296296296297 0.05
0 0.1425925925925926 0.3143518518518518 0.07777777777777778 0.07777777777777778
0 0.13518518518518519 0.39444444444444443 0.04259259259259259 0.04537037037037037
0 0.16574074074074074 0.5037037037037037 0.06481481481481481 0.05740740740740741
0 0.15694444444444444 0.5976851851851852 0.12962962962962962 0.05740740740740741