0 0.6555555555555556 0.625 0.27361111111111114 0.10925925925925926
0 0.9180555555555555 0.8638888888888889 0.16111111111111112 0.26851851851851855
0 0.9078703703703703 0.6712962962962963 0.14675925925925926 0.12962962962962962
0 0.7240740740740741 0.4615740740740741 0.20462962962962963 0.21712962962962962
0 0.9435185185185185 0.4930555555555556 0.10925925925925926 0.1486111111111111
0 0.3111111111111111 0.6180555555555556 0.25 0.08888888888888889
0 0.3314814814814815 0.9611111111111111 0.3282407407407407 0.075
0 0.6587962962962963 0.7555555555555555 0.31712962962962965 0.16111111111111112
0 0.09907407407407408 0.05740740740740741 0.19814814814814816 0.08148148148148149
0 0.5342592592592592 0.3611111111111111 0.25324074074074077 0.25925925925925924
0 0.35694444444444445 0.7930555555555555 0.12685185185185185 0.12407407407407407