0 0.775 0.6421296296296296 0.12222222222222222 0.23703703703703705
0 0.5185185185185185 0.5287037037037037 0.29074074074074074 0.2759259259259259
0 0.25324074074074077 0.4 0.15648148148148147 0.2935185185185185
0 0.18055555555555555 0.6342592592592593 0.1425925925925926 0.15925925925925927
0 0.6990740740740741 0.1412037037037037 0.2638888888888889 0.11666666666666667
0 0.6837962962962963 0.3592592592592593 0.16111111111111112 0.23425925925925925
0 0.11388888888888889 0.23055555555555557 0.1037037037037037 0.1574074074074074
0 0.15555555555555556 0.5625 0.1361111111111111 0.11574074074074074
0 0.4351851851851852 0.8814814814814815 0.10740740740740741 0.15648148148148147
0 0.16111111111111112 0.06944444444444445 0.11851851851851852 0.11388888888888889
0 0.9041666666666667 0.3402777777777778 0.08888888888888889 0.20185185185185187