0 0.22777777777777777 0.6666666666666666 0.22592592592592592 0.16203703703703703
0 0.48657407407407405 0.12916666666666668 0.350462962962963 0.16157407407407406
0 0.5884259259259259 0.31574074074074077 0.33564814814814814 0.1912037037037037
0 0.725925925925926 0.5319444444444444 0.37453703703703706 0.14907407407407408
0 0.03148148148148148 0.7703703703703704 0.06296296296296296 0.06296296296296296
0 0.5796296296296296 0.9333333333333333 0.32037037037037036 0.12731481481481483
0 0.9680555555555556 0.04814814814814815 0.06388888888888888 0.0962962962962963
0 0.2722222222222222 0.06944444444444445 0.2449074074074074 0.13842592592592592
0 0.9425925925925925 0.36944444444444446 0.1050925925925926 0.20092592592592592
0 0.0962962962962963 0.9666666666666667 0.10648148148148148 0.062037037037037036
0 0.9046296296296297 0.12083333333333333 0.11990740740740741 0.07175925925925926
0 0.024074074074074074 0.4773148148148148 0.04814814814814815 0.0912037037037037
0 0.49444444444444446 0.7476851851851852 0.39490740740740743 0.14305555555555555