0 0.25925925925925924 0.675 0.425 0.36574074074074076
0 0.3453703703703704 0.4111111111111111 0.2625 0.15925925925925927
0 0.39305555555555555 0.1259259259259259 0.3421296296296296 0.2513888888888889
0 0.8564814814814815 0.08518518518518518 0.18425925925925926 0.17037037037037037
0 0.888425925925926 0.47129629629629627 0.1763888888888889 0.07037037037037037
0 0.7296296296296296 0.5305555555555556 0.10648148148148148 0.12037037037037036
0 0.8305555555555556 0.5861111111111111 0.12037037037037036 0.125
0 0.5078703703703704 0.575925925925926 0.1125 0.20787037037037037
0 0.5375 0.39351851851851855 0.08425925925925926 0.05925925925925926
0 0.06342592592592593 0.4009259259259259 0.12638888888888888 0.06388888888888888
0 0.524074074074074 0.22361111111111112 0.11388888888888889 0.19675925925925927
0 0.7421296296296296 0.33611111111111114 0.2967592592592593 0.17824074074074073
0 0.5912037037037037 0.06620370370370371 0.09537037037037037 0.13240740740740742
0 0.6851851851851852 0.43194444444444446 0.20462962962962963 0.08611111111111111
0 0.2037037037037037 0.10694444444444444 0.11388888888888889 0.09537037037037037
0 0.9634259259259259 0.06342592592592593 0.07037037037037037 0.12638888888888888
0 0.3537037037037037 0.28379629629629627 0.1986111111111111 0.09537037037037037