0 0.6296296296296297 0.6111111111111112 0.19074074074074074 0.31851851851851853
0 0.2013888888888889 0.5361111111111111 0.23148148148148148 0.14629629629629629
0 0.6430555555555556 0.3685185185185185 0.06666666666666667 0.11851851851851852
0 0.2759259259259259 0.1537037037037037 0.12407407407407407 0.18333333333333332
0 0.7888888888888889 0.8773148148148148 0.10925925925925926 0.10462962962962963
0 0.7592592592592593 0.42407407407407405 0.11574074074074074 0.11388888888888889
0 0.45092592592592595 0.7944444444444444 0.10462962962962963 0.24537037037037038
0 0.36018518518518516 0.2828703703703704 0.16111111111111112 0.21296296296296297
0 0.6486111111111111 0.08518518518518518 0.21851851851851853 0.10185185185185185
0 0.22268518518518518 0.7962962962962963 0.11388888888888889 0.18611111111111112
0 0.7837962962962963 0.6185185185185185 0.06666666666666667 0.15648148148148147
0 0.4773148148148148 0.05925925925925926 0.07407407407407407 0.0962962962962963
0 0.8342592592592593 0.1162037037037037 0.1 0.09814814814814815
0 0.42685185185185187 0.5768518518518518 0.09074074074074075 0.10555555555555556