0 0.3638888888888889 0.7333333333333333 0.2351851851851852 0.2824074074074074
0 0.5916666666666667 0.46111111111111114 0.1111111111111111 0.06111111111111111
0 0.15 0.7462962962962963 0.22777777777777777 0.17222222222222222
0 0.24675925925925926 0.3902777777777778 0.19907407407407407 0.11666666666666667
0 0.42824074074074076 0.3476851851851852 0.14351851851851852 0.14444444444444443
0 0.2625 0.5083333333333333 0.24814814814814815 0.13518518518518519
0 0.5180555555555556 0.5351851851851852 0.17407407407407408 0.09074074074074075
0 0.5643518518518519 0.7851851851851852 0.13055555555555556 0.05555555555555555
0 0.4148148148148148 0.4981481481481482 0.07592592592592592 0.049074074074074076
0 0.6583333333333333 0.9787037037037037 0.15 0.041666666666666664
0 0.7837962962962963 0.8680555555555556 0.12037037037037036 0.12037037037037036
0 0.8824074074074074 0.10416666666666667 0.2351851851851852 0.06666666666666667