0 0.2967592592592593 0.6787037037037037 0.2375 0.1486111111111111
0 0.14907407407407408 0.5578703703703703 0.29212962962962963 0.10648148148148148
0 0.3851851851851852 0.8962962962962963 0.13287037037037036 0.20462962962962963
0 0.8861111111111111 0.9513888888888888 0.2125 0.09351851851851851
0 0.46111111111111114 0.7375 0.15648148148148147 0.1814814814814815
0 0.18981481481481483 0.9634259259259259 0.20462962962962963 0.07037037037037037
0 0.39675925925925926 0.5819444444444445 0.1125 0.11388888888888889
0 0.44212962962962965 0.350462962962963 0.1375 0.11805555555555555
0 0.1037037037037037 0.10694444444444444 0.11296296296296296 0.21388888888888888
0 0.412962962962963 0.23935185185185184 0.20462962962962963 0.09953703703703703
0 0.7203703703703703 0.7685185185185185 0.2023148148148148 0.4625