0 0.6087962962962963 0.43425925925925923 0.22592592592592592 0.21851851851851853
0 0.4462962962962963 0.5912037037037037 0.13333333333333333 0.2953703703703704
0 0.35462962962962963 0.7523148148148148 0.14074074074074075 0.12962962962962962
0 0.5814814814814815 0.7467592592592592 0.14629629629629629 0.22777777777777777
0 0.8717592592592592 0.8523148148148149 0.25 0.15462962962962962
0 0.37175925925925923 0.2828703703703704 0.1 0.22777777777777777
0 0.275 0.2023148148148148 0.15 0.12037037037037036
0 0.7037037037037037 0.5467592592592593 0.12962962962962962 0.17222222222222222
0 0.36574074074074076 0.9398148148148148 0.1962962962962963 0.12037037037037036
0 0.26805555555555555 0.6305555555555555 0.09814814814814815 0.2388888888888889
0 0.1648148148148148 0.05 0.14537037037037037 0.0962962962962963
0 0.8555555555555555 0.15462962962962962 0.08611111111111111 0.08425925925925926
0 0.15 0.6337962962962963 0.14351851851851852 0.1925925925925926
0 0.850925925925926 0.7569444444444444 0.16666666666666666 0.11388888888888889
0 0.7851851851851852 0.21944444444444444 0.16111111111111112 0.07407407407407407