0 0.7611111111111111 0.6412037037037037 0.225 0.24814814814814815
0 0.22268518518518518 0.4013888888888889 0.14537037037037037 0.1037037037037037
0 0.8726851851851852 0.35694444444444445 0.1361111111111111 0.18611111111111112
0 0.6171296296296296 0.20462962962962963 0.14351851851851852 0.2722222222222222
0 0.5212962962962963 0.42592592592592593 0.2638888888888889 0.19537037037037036
0 0.2162037037037037 0.2125 0.1388888888888889 0.1
0 0.2902777777777778 0.5092592592592593 0.1259259259259259 0.0962962962962963
0 0.562962962962963 0.7444444444444445 0.125 0.18333333333333332
0 0.1824074074074074 0.8629629629629629 0.1259259259259259 0.1824074074074074
0 0.3143518518518518 0.9416666666666667 0.11574074074074074 0.11666666666666667
0 0.4898148148148148 0.16296296296296298 0.18981481481481483 0.2740740740740741