0 0.1962962962962963 0.7157407407407408 0.15462962962962962 0.2657407407407407
0 0.4273148148148148 0.5430555555555555 0.2361111111111111 0.12361111111111112
0 0.8162037037037037 0.6976851851851852 0.18888888888888888 0.17962962962962964
0 0.18287037037037038 0.1865740740740741 0.17824074074074073 0.15138888888888888
0 0.2962962962962963 0.2953703703703704 0.24212962962962964 0.15648148148148147
0 0.5453703703703704 0.19074074074074074 0.15925925925925927 0.09351851851851851
0 0.5217592592592593 0.3685185185185185 0.13148148148148148 0.13148148148148148
0 0.95 0.5953703703703703 0.09675925925925925 0.10648148148148148
0 0.2638888888888889 0.4486111111111111 0.09074074074074075 0.09351851851851851
0 0.8722222222222222 0.07731481481481481 0.25555555555555554 0.15462962962962962
0 0.637962962962963 0.5444444444444444 0.1925925925925926 0.17777777777777778