0 0.7736111111111111 0.40370370370370373 0.325 0.16111111111111112
0 0.4115740740740741 0.8212962962962963 0.26666666666666666 0.28888888888888886
0 0.675 0.4976851851851852 0.14074074074074075 0.08611111111111111
0 0.18888888888888888 0.08611111111111111 0.14074074074074075 0.17222222222222222
0 0.6361111111111111 0.6712962962962963 0.17222222222222222 0.16666666666666666
0 0.06944444444444445 0.15138888888888888 0.12037037037037036 0.21574074074074073
0 0.7490740740740741 0.23425925925925925 0.29259259259259257 0.1037037037037037
0 0.2935185185185185 0.29444444444444445 0.21574074074074073 0.09814814814814815
0 0.7773148148148148 0.12824074074074074 0.2611111111111111 0.13148148148148148
0 0.375 0.4537037037037037 0.4 0.1425925925925926
0 0.13842592592592592 0.47824074074074074 0.15462962962962962 0.2222222222222222