0 0.9101851851851852 0.8694444444444445 0.1763888888888889 0.25787037037037036
0 0.4101851851851852 0.08425925925925926 0.15138888888888888 0.07824074074074074
0 0.18194444444444444 0.06342592592592593 0.11712962962962963 0.12361111111111112
0 0.6555555555555556 0.12268518518518519 0.07962962962962963 0.1486111111111111
0 0.7361111111111112 0.7888888888888889 0.15648148148148147 0.30648148148148147
0 0.9009259259259259 0.06712962962962964 0.08287037037037037 0.13425925925925927
0 0.6875 0.22592592592592592 0.08148148148148149 0.12037037037037036
0 0.3148148148148148 0.225 0.05462962962962963 0.14675925925925926
0 0.18981481481481483 0.2023148148148148 0.0763888888888889 0.15138888888888888
0 0.7907407407407407 0.20879629629629629 0.09675925925925925 0.11388888888888889
0 0.47453703703703703 0.4935185185185185 0.22916666666666666 0.18518518518518517