0 0.5967592592592592 0.23055555555555557 0.2064814814814815 0.2388888888888889
0 0.22962962962962963 0.08148148148148149 0.45925925925925926 0.1625
0 0.07592592592592592 0.2861111111111111 0.15138888888888888 0.14074074074074075
0 0.9513888888888888 0.1259259259259259 0.09351851851851851 0.18611111111111112
0 0.30324074074074076 0.47175925925925927 0.2152777777777778 0.09490740740740741
0 0.07407407407407407 0.6050925925925926 0.14814814814814814 0.1361111111111111
0 0.362962962962963 0.7231481481481481 0.17407407407407408 0.21064814814814814
0 0.8180555555555555 0.49074074074074076 0.06944444444444445 0.10601851851851851
0 0.2828703703703704 0.2916666666666667 0.0962962962962963 0.10185185185185185
0 0.05648148148148148 0.8009259259259259 0.1125 0.2638888888888889
0 0.5481481481481482 0.7032407407407407 0.1310185185185185 0.10046296296296296
0 0.6782407407407407 0.5550925925925926 0.1175925925925926 0.09351851851851851