0 0.5814814814814815 0.16342592592592592 0.14675925925925926 0.16111111111111112
0 0.24351851851851852 0.6467592592592593 0.48703703703703705 0.1935185185185185
0 0.5319444444444444 0.4740740740740741 0.1388888888888889 0.2111111111111111
0 0.7782407407407408 0.33055555555555555 0.14351851851851852 0.25462962962962965
0 0.8851851851851852 0.3712962962962963 0.1111111111111111 0.1486111111111111
0 0.6162037037037037 0.6907407407407408 0.13287037037037036 0.1814814814814815
0 0.611574074074074 0.35 0.1638888888888889 0.08148148148148149
0 0.7013888888888888 0.4828703703703704 0.07824074074074074 0.13148148148148148
0 0.7412037037037037 0.5953703703703703 0.08287037037037037 0.07175925925925926
0 0.9013888888888889 0.5921296296296297 0.1935185185185185 0.15925925925925927
0 0.8518518518518519 0.8268518518518518 0.07407407407407407 0.12546296296296297