0 0.20601851851851852 0.4546296296296296 0.22777777777777777 0.17592592592592593
0 0.8601851851851852 0.9125 0.1111111111111111 0.175
0 0.16944444444444445 0.8490740740740741 0.1685185185185185 0.30185185185185187
0 0.5532407407407407 0.5699074074074074 0.1425925925925926 0.2462962962962963
0 0.4546296296296296 0.24861111111111112 0.13240740740740742 0.21481481481481482
0 0.12175925925925926 0.17685185185185184 0.24351851851851852 0.2
0 0.8972222222222223 0.6944444444444444 0.11203703703703703 0.17037037037037037
0 0.2800925925925926 0.12824074074074074 0.09351851851851851 0.14629629629629629
0 0.9518518518518518 0.43472222222222223 0.0962962962962963 0.2675925925925926
0 0.5662037037037037 0.9203703703703704 0.1388888888888889 0.1574074074074074
0 0.9796296296296296 0.8092592592592592 0.040740740740740744 0.1259259259259259
0 0.5143518518518518 0.8305555555555556 0.14074074074074075 0.10092592592592593
0 0.8305555555555556 0.5449074074074074 0.09259259259259259 0.18518518518518517