0 0.4648148148148148 0.6555555555555556 0.17962962962962964 0.4111111111111111
0 0.4388888888888889 0.05462962962962963 0.15 0.10925925925925926
0 0.30787037037037035 0.6814814814814815 0.13703703703703704 0.4564814814814815
0 0.8462962962962963 0.5236111111111111 0.15185185185185185 0.2657407407407407
0 0.28425925925925927 0.2412037037037037 0.12777777777777777 0.2740740740740741
0 0.1486111111111111 0.6513888888888889 0.18703703703703703 0.2537037037037037
0 0.6467592592592593 0.5 0.3537037037037037 0.25925925925925924
0 0.4217592592592593 0.1712962962962963 0.07777777777777778 0.1925925925925926
0 0.07175925925925926 0.19768518518518519 0.14074074074074075 0.12407407407407407
0 0.06157407407407407 0.38981481481481484 0.12037037037037036 0.19814814814814816
0 0.8833333333333333 0.11574074074074074 0.23333333333333334 0.15555555555555556