0 0.41574074074074074 0.537962962962963 0.1361111111111111 0.11851851851851852
0 0.5296296296296297 0.3523148148148148 0.2351851851851852 0.16296296296296298
0 0.16018518518518518 0.2657407407407407 0.07592592592592592 0.11481481481481481
0 0.7972222222222223 0.20185185185185187 0.08148148148148149 0.07037037037037037
0 0.20416666666666666 0.8851851851851852 0.12222222222222222 0.1388888888888889
0 0.08796296296296297 0.4152777777777778 0.17592592592592593 0.08055555555555556
0 0.0699074074074074 0.6796296296296296 0.0962962962962963 0.16296296296296298
0 0.2013888888888889 0.6481481481481481 0.14814814814814814 0.18703703703703703
0 0.22175925925925927 0.46111111111111114 0.11666666666666667 0.12222222222222222
0 0.663425925925926 0.5898148148148148 0.1962962962962963 0.12777777777777777
0 0.26944444444444443 0.041666666666666664 0.11018518518518519 0.07314814814814814
0 0.33194444444444443 0.2777777777777778 0.07037037037037037 0.09074074074074075
0 0.5291666666666667 0.7356481481481482 0.10740740740740741 0.18333333333333332
0 0.8375 0.5851851851851851 0.1287037037037037 0.07222222222222222
0 0.9189814814814815 0.29305555555555557 0.07314814814814814 0.16296296296296298
0 0.22777777777777777 0.17685185185185184 0.14166666666666666 0.08425925925925926
0 0.6666666666666666 0.7212962962962963 0.07407407407407407 0.05277777777777778
0 0.4685185185185185 0.9824074074074074 0.12222222222222222 0.032407407407407406
0 0.7680555555555556 0.8898148148148148 0.05185185185185185 0.15555555555555556
0 0.6787037037037037 0.10694444444444444 0.17962962962962964 0.2111111111111111
0 0.029166666666666667 0.8361111111111111 0.058333333333333334 0.11851851851851852
0 0.8310185185185185 0.4388888888888889 0.09814814814814815 0.06111111111111111
0 0.24027777777777778 0.27037037037037037 0.07222222222222222 0.05648148148148148
0 0.8324074074074074 0.26666666666666666 0.05648148148148148 0.14629629629629629
0 0.9625 0.5981481481481481 0.07407407407407407 0.11851851851851852
0 0.16805555555555557 0.9819444444444444 0.14074074074074075 0.03333333333333333
0 0.65 0.6578703703703703 0.125 0.05
0 0.8356481481481481 0.8537037037037037 0.11851851851851852 0.08703703703703704
0 0.425462962962963 0.7018518518518518 0.05 0.08333333333333333
0 0.37453703703703706 0.02638888888888889 0.058333333333333334 0.05277777777777778
0 0.32592592592592595 0.8453703703703703 0.058333333333333334 0.11296296296296296
0 0.3726851851851852 0.3486111111111111 0.058333333333333334 0.13703703703703704