0 0.5351851851851852 0.34444444444444444 0.17962962962962964 0.4111111111111111
0 0.5611111111111111 0.9453703703703704 0.15 0.10925925925925926
0 0.6921296296296297 0.31851851851851853 0.13703703703703704 0.4564814814814815
0 0.1537037037037037 0.47638888888888886 0.15185185185185185 0.2657407407407407
0 0.7157407407407408 0.7587962962962963 0.12777777777777777 0.2740740740740741
0 0.8513888888888889 0.3486111111111111 0.18703703703703703 0.2537037037037037
0 0.35324074074074074 0.5 0.3537037037037037 0.25925925925925924
0 0.5782407407407407 0.8287037037037037 0.07777777777777778 0.1925925925925926
0 0.9282407407407407 0.8023148148148148 0.14074074074074075 0.12407407407407407
0 0.9384259259259259 0.6101851851851852 0.12037037037037036 0.19814814814814816
0 0.11666666666666667 0.8842592592592593 0.23333333333333334 0.15555555555555556