0 0.22037037037037038 0.16944444444444445 0.19074074074074074 0.13287037037037036
0 0.5796296296296296 0.7694444444444445 0.15925925925925927 0.22361111111111112
0 0.5009259259259259 0.22962962962962963 0.20787037037037037 0.1875
0 0.11064814814814815 0.06620370370370371 0.2212962962962963 0.13240740740740742
0 0.7851851851851852 0.6282407407407408 0.08611111111111111 0.225
0 0.35 0.6407407407407407 0.26851851851851855 0.175
0 0.7125 0.8819444444444444 0.14675925925925926 0.20787037037037037
0 0.9407407407407408 0.7171296296296297 0.11574074074074074 0.34675925925925927
0 0.24351851851851852 0.42962962962962964 0.19675925925925927 0.15
0 0.95 0.19675925925925927 0.09675925925925925 0.13148148148148148
0 0.18055555555555555 0.825925925925926 0.14166666666666666 0.17083333333333334