0 0.46944444444444444 0.5337962962962963 0.22962962962962963 0.21666666666666667
0 0.5944444444444444 0.6462962962962963 0.3138888888888889 0.22962962962962963
0 0.38287037037037036 0.8171296296296297 0.1685185185185185 0.225
0 0.12129629629629629 0.4134259259259259 0.21388888888888888 0.2074074074074074
0 0.5430555555555555 0.8726851851851852 0.1638888888888889 0.18611111111111112
0 0.2763888888888889 0.7351851851851852 0.08425925925925926 0.08611111111111111
0 0.33055555555555555 0.28888888888888886 0.13333333333333333 0.362962962962963
0 0.0875 0.8398148148148148 0.175 0.19907407407407407
0 0.13657407407407407 0.9546296296296296 0.12037037037037036 0.08796296296296297
0 0.6351851851851852 0.2763888888888889 0.2574074074074074 0.32222222222222224
0 0.5842592592592593 0.7930555555555555 0.24351851851851852 0.11388888888888889