0 0.33194444444444443 0.1486111111111111 0.1638888888888889 0.10648148148148148
0 0.0962962962962963 0.7657407407407407 0.19212962962962962 0.12824074074074074
0 0.05555555555555555 0.31342592592592594 0.1111111111111111 0.09212962962962963
0 0.9365740740740741 0.36342592592592593 0.12361111111111112 0.2671296296296296
0 0.2814814814814815 0.4634259259259259 0.14351851851851852 0.08888888888888889
0 0.5601851851851852 0.08194444444444444 0.15138888888888888 0.1638888888888889
0 0.7671296296296296 0.4 0.13148148148148148 0.09074074074074075
0 0.7023148148148148 0.8217592592592593 0.17037037037037037 0.12824074074074074
0 0.8537037037037037 0.5115740740740741 0.22361111111111112 0.11712962962962963
0 0.5328703703703703 0.6907407407407408 0.1125 0.07175925925925926
0 0.6888888888888889 0.6375 0.12175925925925926 0.08148148148148149
0 0.8162037037037037 0.6935185185185185 0.1111111111111111 0.15
0 0.8180555555555555 0.0837962962962963 0.17037037037037037 0.16712962962962963
0 0.2763888888888889 0.6625 0.18472222222222223 0.1287037037037037
0 0.04861111111111111 0.6 0.0962962962962963 0.09768518518518518
0 0.4134259259259259 0.3875 0.18194444444444444 0.12222222222222222