0 0.28425925925925927 0.1962962962962963 0.2657407407407407 0.15462962962962962
0 0.45694444444444443 0.4273148148148148 0.12407407407407407 0.2361111111111111
0 0.3023148148148148 0.8162037037037037 0.17962962962962964 0.18888888888888888
0 0.8134259259259259 0.18287037037037038 0.15185185185185185 0.17777777777777778
0 0.7046296296296296 0.2962962962962963 0.15648148148148147 0.24259259259259258
0 0.8092592592592592 0.5453703703703704 0.09351851851851851 0.15925925925925927
0 0.6314814814814815 0.5217592592592593 0.13148148148148148 0.13148148148148148
0 0.4046296296296296 0.95 0.10648148148148148 0.09722222222222222
0 0.5513888888888889 0.2638888888888889 0.09351851851851851 0.09074074074074075
0 0.9226851851851852 0.8722222222222222 0.15462962962962962 0.25555555555555554
0 0.45555555555555555 0.637962962962963 0.17777777777777778 0.1925925925925926