0 0.25925925925925924 0.6893518518518519 0.09722222222222222 0.07592592592592592
0 0.05092592592592592 0.9268518518518518 0.10185185185185185 0.14629629629629629
0 0.9060185185185186 0.6935185185185185 0.08518518518518518 0.09537037037037037
0 0.8134259259259259 0.7708333333333334 0.08796296296296297 0.1111111111111111
0 0.6537037037037037 0.649537037037037 0.11851851851851852 0.17962962962962964
0 0.9625 0.11481481481481481 0.075 0.07962962962962963
0 0.4532407407407407 0.6537037037037037 0.06111111111111111 0.20185185185185187
0 0.5837962962962963 0.9282407407407407 0.09444444444444444 0.1388888888888889
0 0.8865740740740741 0.9291666666666667 0.20925925925925926 0.1259259259259259
0 0.1425925925925926 0.3837962962962963 0.09537037037037037 0.22685185185185186
0 0.26805555555555555 0.9699074074074074 0.12962962962962962 0.06018518518518518
0 0.7583333333333333 0.6342592592592593 0.05092592592592592 0.14814814814814814
0 0.6851851851851852 0.5328703703703703 0.06111111111111111 0.19722222222222222
0 0.8060185185185185 0.9453703703703704 0.058333333333333334 0.10925925925925926
0 0.8435185185185186 0.1587962962962963 0.1037037037037037 0.07962962962962963
0 0.6884259259259259 0.763425925925926 0.07314814814814814 0.05555555555555555
0 0.4263888888888889 0.29074074074074074 0.03611111111111111 0.09814814814814815
0 0.019444444444444445 0.23148148148148148 0.03888888888888889 0.15
0 0.02361111111111111 0.611574074074074 0.04722222222222222 0.13240740740740742
0 0.22175925925925927 0.062037037037037036 0.11481481481481481 0.12407407407407407