0 0.7865740740740741 0.8986111111111111 0.17592592592592593 0.2
0 0.9287037037037037 0.11805555555555555 0.1388888888888889 0.2361111111111111
0 0.6569444444444444 0.2013888888888889 0.2388888888888889 0.3277777777777778
0 0.41805555555555557 0.4064814814814815 0.1259259259259259 0.18703703703703703
0 0.24074074074074073 0.1837962962962963 0.225 0.29814814814814816
0 0.6773148148148148 0.27870370370370373 0.15462962962962962 0.2111111111111111
0 0.649074074074074 0.6111111111111112 0.22592592592592592 0.2935185185185185
0 0.9194444444444444 0.46944444444444444 0.1574074074074074 0.2111111111111111
0 0.19537037037037036 0.3476851851851852 0.12777777777777777 0.30185185185185187
0 0.3837962962962963 0.1 0.11388888888888889 0.2
0 0.15555555555555556 0.6055555555555555 0.29814814814814816 0.1638888888888889
0 0.32175925925925924 0.9101851851851852 0.2564814814814815 0.17685185185185184