0 0.1875 0.6717592592592593 0.35 0.125
0 0.7023148148148148 0.4388888888888889 0.3638888888888889 0.09074074074074075
0 0.8134259259259259 0.625 0.09537037037037037 0.14629629629629629
0 0.31851851851851853 0.4462962962962963 0.1 0.11666666666666667
0 0.3578703703703704 0.13518518518518519 0.21851851851851853 0.2638888888888889
0 0.5476851851851852 0.38842592592592595 0.1361111111111111 0.12037037037037036
0 0.12129629629629629 0.3384259259259259 0.24259259259259258 0.17592592592592593
0 0.10555555555555556 0.9523148148148148 0.1574074074074074 0.09259259259259259
0 0.07268518518518519 0.8638888888888889 0.14537037037037037 0.09351851851851851
0 0.961574074074074 0.1736111111111111 0.07407407407407407 0.07222222222222222
0 0.7351851851851852 0.8763888888888889 0.1574074074074074 0.09074074074074075
0 0.8949074074074074 0.9236111111111112 0.13796296296296295 0.1527777777777778
0 0.4537037037037037 0.3625 0.13333333333333333 0.05
0 0.9157407407407407 0.611574074074074 0.1037037037037037 0.049074074074074076
0 0.9217592592592593 0.8111111111111111 0.14074074074074075 0.07222222222222222
0 0.2851851851851852 0.5680555555555555 0.20462962962962963 0.17962962962962964
0 0.462037037037037 0.7430555555555556 0.11481481481481481 0.1574074074074074