0 0.787962962962963 0.7939814814814815 0.2101851851851852 0.17222222222222222
0 0.6018518518518519 0.8550925925925926 0.09722222222222222 0.13148148148148148
0 0.21481481481481482 0.8685185185185185 0.13148148148148148 0.1037037037037037
0 0.0587962962962963 0.6402777777777777 0.1175925925925926 0.08611111111111111
0 0.21712962962962962 0.512962962962963 0.10740740740740741 0.06296296296296296
0 0.10833333333333334 0.14074074074074075 0.08703703703703704 0.11018518518518519
0 0.362962962962963 0.4615740740740741 0.17962962962962964 0.17314814814814813
0 0.3453703703703704 0.5689814814814815 0.1537037037037037 0.06481481481481481
0 0.06805555555555555 0.9120370370370371 0.12962962962962962 0.07222222222222222
0 0.19444444444444445 0.7226851851851852 0.08518518518518518 0.053703703703703705
0 0.9148148148148149 0.6356481481481482 0.15 0.14722222222222223
0 0.24212962962962964 0.06851851851851852 0.14074074074074075 0.1287037037037037
0 0.4222222222222222 0.8356481481481481 0.13518518518518519 0.08888888888888889
0 0.14074074074074075 0.46296296296296297 0.26666666666666666 0.14537037037037037
0 0.6356481481481482 0.5111111111111111 0.06666666666666667 0.10833333333333334
0 0.29907407407407405 0.2662037037037037 0.19814814814814816 0.12222222222222222