0 0.43842592592592594 0.4671296296296296 0.14444444444444443 0.1787037037037037
0 0.6226851851851852 0.3824074074074074 0.1 0.08796296296296297
0 0.6282407407407408 0.24537037037037038 0.16203703703703703 0.12314814814814815
0 0.19305555555555556 0.2662037037037037 0.16018518518518518 0.09259259259259259
0 0.34444444444444444 0.2324074074074074 0.1814814814814815 0.09259259259259259
0 0.3365740740740741 0.8467592592592592 0.21666666666666667 0.10092592592592593
0 0.07361111111111111 0.36342592592592593 0.053703703703703705 0.11296296296296296
0 0.7583333333333333 0.1587962962962963 0.10462962962962963 0.20462962962962963
0 0.032407407407407406 0.19722222222222222 0.06481481481481481 0.16111111111111112
0 0.05462962962962963 0.5652777777777778 0.1037037037037037 0.13148148148148148
0 0.8532407407407407 0.975 0.15 0.05
0 0.47314814814814815 0.34305555555555556 0.04814814814814815 0.0712962962962963
0 0.3837962962962963 0.05648148148148148 0.08055555555555556 0.10277777777777777
0 0.45416666666666666 0.07407407407407407 0.08518518518518518 0.14629629629629629
0 0.31527777777777777 0.7481481481481481 0.07222222222222222 0.0712962962962963
0 0.5685185185185185 0.8736111111111111 0.1037037037037037 0.09166666666666666
0 0.25601851851851853 0.5407407407407407 0.05555555555555555 0.14629629629629629
0 0.5847222222222223 0.7 0.08796296296296297 0.10740740740740741
0 0.9537037037037037 0.5430555555555555 0.09259259259259259 0.12685185185185185
0 0.6953703703703704 0.8115740740740741 0.12777777777777777 0.13333333333333333
0 0.8611111111111112 0.17083333333333334 0.1111111111111111 0.06481481481481481
0 0.887962962962963 0.7708333333333334 0.12314814814814815 0.05462962962962963
0 0.39861111111111114 0.16527777777777777 0.06296296296296296 0.05925925925925926