0 0.6481481481481481 0.4740740740740741 0.08333333333333333 0.10277777777777777
0 0.3972222222222222 0.8476851851851852 0.09722222222222222 0.08703703703703704
0 0.5291666666666667 0.8986111111111111 0.1537037037037037 0.05
0 0.1162037037037037 0.6027777777777777 0.15555555555555556 0.05925925925925926
0 0.9638888888888889 0.2273148148148148 0.06666666666666667 0.08148148148148149
0 0.5175925925925926 0.5324074074074074 0.08055555555555556 0.09907407407407408
0 0.32314814814814813 0.5939814814814814 0.08888888888888889 0.12222222222222222
0 0.7319444444444444 0.16203703703703703 0.16296296296296298 0.08703703703703704
0 0.9597222222222223 0.38657407407407407 0.07962962962962963 0.062037037037037036
0 0.09675925925925925 0.49444444444444446 0.08148148148148149 0.05740740740740741
0 0.08148148148148149 0.7611111111111111 0.1037037037037037 0.07222222222222222
0 0.22037037037037038 0.8236111111111111 0.10925925925925926 0.05740740740740741
0 0.47129629629629627 0.13055555555555556 0.07777777777777778 0.08055555555555556
0 0.6189814814814815 0.6157407407407407 0.07407407407407407 0.05740740740740741
0 0.9736111111111111 0.0763888888888889 0.05277777777777778 0.07037037037037037
0 0.03657407407407407 0.15555555555555556 0.07222222222222222 0.06481481481481481
0 0.010185185185185186 0.30833333333333335 0.018518518518518517 0.07222222222222222
0 0.04490740740740741 0.31712962962962965 0.07037037037037037 0.06666666666666667
0 0.3685185185185185 0.3837962962962963 0.09814814814814815 0.07685185185185185
0 0.10185185185185185 0.9726851851851852 0.0962962962962963 0.053703703703703705
0 0.27546296296296297 0.8856481481481482 0.13518518518518519 0.037037037037037035
0 0.2111111111111111 0.32083333333333336 0.06666666666666667 0.07222222222222222
0 0.10185185185185185 0.8657407407407407 0.09259259259259259 0.04722222222222222