0 0.8305555555555556 0.45555555555555555 0.26666666666666666 0.2953703703703704
0 0.6064814814814815 0.4736111111111111 0.11574074074074074 0.2962962962962963
0 0.3851851851851852 0.14074074074074075 0.11666666666666667 0.2777777777777778
0 0.3962962962962963 0.5592592592592592 0.21388888888888888 0.15
0 0.40694444444444444 0.8296296296296296 0.2074074074074074 0.11851851851851852
0 0.15648148148148147 0.4912037037037037 0.21851851851851853 0.20462962962962963
0 0.4740740740740741 0.25092592592592594 0.05185185185185185 0.10462962962962963
0 0.6611111111111111 0.1986111111111111 0.18425925925925926 0.15925925925925927
0 0.1361111111111111 0.8657407407407407 0.2657407407407407 0.11851851851851852
0 0.5092592592592593 0.37824074074074077 0.05648148148148148 0.1037037037037037
0 0.12638888888888888 0.6662037037037037 0.1685185185185185 0.2175925925925926
0 0.3236111111111111 0.674074074074074 0.08148148148148149 0.06666666666666667