0 0.3287037037037037 0.8074074074074075 0.17222222222222222 0.09490740740740741
0 0.5282407407407408 0.42453703703703705 0.2351851851851852 0.19490740740740742
0 0.8203703703703704 0.2916666666666667 0.16666666666666666 0.1398148148148148
0 0.1574074074074074 0.7032407407407407 0.0837962962962963 0.10972222222222222
0 0.6601851851851852 0.8194444444444444 0.13796296296296295 0.11435185185185186
0 0.08194444444444444 0.21898148148148147 0.15787037037037038 0.1087962962962963
0 0.1837962962962963 0.9217592592592593 0.06666666666666667 0.09490740740740741
0 0.07268518518518519 0.6361111111111111 0.14537037037037037 0.16805555555555557
0 0.5203703703703704 0.16898148148148148 0.15046296296296297 0.1125
0 0.6439814814814815 0.6166666666666667 0.13657407407407407 0.12407407407407407
0 0.20462962962962963 0.5087962962962963 0.14953703703703702 0.11203703703703703
0 0.02824074074074074 0.29907407407407405 0.05648148148148148 0.05787037037037037
0 0.03148148148148148 0.1587962962962963 0.0625 0.13796296296296295
0 0.825462962962963 0.6981481481481482 0.10833333333333334 0.07824074074074074
0 0.29814814814814816 0.337037037037037 0.07916666666666666 0.1865740740740741
0 0.33425925925925926 0.6240740740740741 0.09074074074074075 0.1388888888888889
0 0.07361111111111111 0.7907407407407407 0.10925925925925926 0.04722222222222222
0 0.5199074074074074 0.5092592592592593 0.09675925925925925 0.060648148148148145
0 0.7606481481481482 0.16111111111111112 0.16527777777777777 0.08703703703703704