0 0.9407407407407408 0.5833333333333334 0.10555555555555556 0.15185185185185185
0 0.4847222222222222 0.4703703703703704 0.10555555555555556 0.13055555555555556
0 0.23564814814814813 0.31574074074074077 0.08888888888888889 0.13333333333333333
0 0.07268518518518519 0.43333333333333335 0.14537037037037037 0.12037037037037036
0 0.5388888888888889 0.8939814814814815 0.07037037037037037 0.08148148148148149
0 0.031018518518518518 0.7703703703703704 0.062037037037037036 0.1111111111111111
0 0.5412037037037037 0.24768518518518517 0.13518518518518519 0.06944444444444445
0 0.27175925925925926 0.537962962962963 0.17962962962962964 0.08333333333333333
0 0.45601851851851855 0.7875 0.0824074074074074 0.044444444444444446
0 0.9430555555555555 0.1736111111111111 0.10925925925925926 0.075
0 0.4361111111111111 0.33287037037037037 0.11666666666666667 0.10925925925925926
0 0.09814814814814815 0.25462962962962965 0.06481481481481481 0.14907407407407408
0 0.4476851851851852 0.5972222222222222 0.15092592592592594 0.14629629629629629
0 0.8037037037037037 0.975925925925926 0.1111111111111111 0.04814814814814815
0 0.7481481481481481 0.1037037037037037 0.12407407407407407 0.05
0 0.9773148148148149 0.4861111111111111 0.04537037037037037 0.06851851851851852
0 0.053703703703703705 0.03564814814814815 0.053703703703703705 0.06666666666666667
0 0.5111111111111111 0.7087962962962963 0.05462962962962963 0.1037037037037037
0 0.26064814814814813 0.9861111111111112 0.0787037037037037 0.027777777777777776
0 0.9611111111111111 0.08148148148148149 0.07777777777777778 0.05740740740740741
0 0.3587962962962963 0.6986111111111111 0.05740740740740741 0.07592592592592592
0 0.3365740740740741 0.9726851851851852 0.040740740740740744 0.05
0 0.3638888888888889 0.17916666666666667 0.13333333333333333 0.04722222222222222
0 0.8462962962962963 0.5337962962962963 0.11296296296296296 0.08333333333333333
0 0.6643518518518519 0.05740740740740741 0.1 0.03888888888888889
0 0.5671296296296297 0.013888888888888888 0.09259259259259259 0.026851851851851852
0 0.3990740740740741 0.030555555555555555 0.058333333333333334 0.049074074074074076
0 0.03194444444444444 0.8805555555555555 0.06388888888888888 0.07407407407407407
0 0.6462962962962963 0.013425925925925926 0.07592592592592592 0.026851851851851852