0 0.3578703703703704 0.775 0.2375 0.12175925925925926
0 0.47129629629629627 0.5185185185185185 0.2763888888888889 0.29074074074074074
0 0.6 0.25324074074074077 0.2935185185185185 0.15648148148148147
0 0.36574074074074076 0.18055555555555555 0.15925925925925927 0.14212962962962963
0 0.8587962962962963 0.6990740740740741 0.11712962962962963 0.2638888888888889
0 0.6407407407407407 0.6837962962962963 0.23425925925925925 0.16111111111111112
0 0.7694444444444445 0.11388888888888889 0.15787037037037038 0.10324074074074074
0 0.4375 0.15555555555555556 0.11574074074074074 0.1361111111111111
0 0.11851851851851852 0.4351851851851852 0.15648148148148147 0.10787037037037037
0 0.9305555555555556 0.16111111111111112 0.11388888888888889 0.11851851851851852
0 0.6597222222222222 0.9041666666666667 0.20185185185185187 0.08888888888888889