0 0.13657407407407407 0.3912037037037037 0.12962962962962962 0.2953703703703704
0 0.7592592592592593 0.3837962962962963 0.11851851851851852 0.3861111111111111
0 0.6990740740740741 0.7287037037037037 0.18611111111111112 0.14537037037037037
0 0.8773148148148148 0.8703703703703703 0.14537037037037037 0.2
0 0.2638888888888889 0.2490740740740741 0.1537037037037037 0.09814814814814815
0 0.6148148148148148 0.524074074074074 0.19537037037037036 0.14537037037037037
0 0.6064814814814815 0.33055555555555555 0.18425925925925926 0.27037037037037037
0 0.07037037037037037 0.6138888888888889 0.13703703703703704 0.1935185185185185
0 0.43148148148148147 0.8013888888888889 0.11296296296296296 0.14351851851851852
0 0.6578703703703703 0.1 0.2222222222222222 0.15648148148148147
0 0.9064814814814814 0.4217592592592593 0.11666666666666667 0.36203703703703705