0 0.6944444444444444 0.8319444444444445 0.1638888888888889 0.2074074074074074
0 0.1685185185185185 0.37175925925925923 0.2064814814814815 0.2037037037037037
0 0.4203703703703704 0.5476851851851852 0.2814814814814815 0.29814814814814816
0 0.8305555555555556 0.9282407407407407 0.18611111111111112 0.14351851851851852
0 0.07592592592592592 0.11342592592592593 0.15185185185185185 0.18888888888888888
0 0.4685185185185185 0.8388888888888889 0.2777777777777778 0.32222222222222224
0 0.3055555555555556 0.9611111111111111 0.1111111111111111 0.07777777777777778
0 0.20879629629629629 0.9435185185185185 0.4166666666666667 0.11296296296296296
0 0.586574074074074 0.48842592592592593 0.24814814814814815 0.3425925925925926
0 0.9314814814814815 0.7532407407407408 0.13425925925925927 0.13148148148148148
0 0.5851851851851851 0.24212962962962964 0.21388888888888888 0.1
0 0.8064814814814815 0.6907407407407408 0.15925925925925927 0.07222222222222222