0 0.6435185185185185 0.5712962962962963 0.6592592592592592 0.3421296296296296
0 0.2884259259259259 0.7912037037037037 0.22037037037037038 0.08888888888888889
0 0.46574074074074073 0.3398148148148148 0.17824074074074073 0.08287037037037037
0 0.1037037037037037 0.9041666666666667 0.2074074074074074 0.18796296296296297
0 0.1087962962962963 0.625 0.1638888888888889 0.15
0 0.8662037037037037 0.31342592592592594 0.10138888888888889 0.13287037037037036
0 0.6615740740740741 0.23287037037037037 0.4361111111111111 0.24675925925925926
0 0.32175925925925924 0.6388888888888888 0.1875 0.09074074074074075
0 0.1125 0.5180555555555556 0.225 0.18287037037037038
0 0.06342592592592593 0.7962962962962963 0.12638888888888888 0.09861111111111111
0 0.48842592592592593 0.4986111111111111 0.9763888888888889 0.9967592592592592