0 0.2412037037037037 0.5171296296296296 0.3388888888888889 0.07777777777777778
0 0.3101851851851852 0.4287037037037037 0.19814814814814816 0.08611111111111111
0 0.3282407407407407 0.6759259259259259 0.23425925925925925 0.1111111111111111
0 0.6055555555555555 0.6444444444444445 0.2759259259259259 0.12962962962962962
0 0.6611111111111111 0.05925925925925926 0.2777777777777778 0.05925925925925926
0 0.45555555555555555 0.774074074074074 0.12962962962962962 0.22962962962962963
0 0.4361111111111111 0.052314814814814814 0.2 0.10185185185185185
0 0.9430555555555555 0.7587962962962963 0.1111111111111111 0.10833333333333334
0 0.2462962962962963 0.30462962962962964 0.1111111111111111 0.14351851851851852
0 0.16111111111111112 0.14212962962962963 0.32222222222222224 0.1814814814814815
0 0.799074074074074 0.4638888888888889 0.2953703703703704 0.2064814814814815