0 0.6532407407407408 0.27824074074074073 0.2777777777777778 0.225
0 0.3435185185185185 0.10555555555555556 0.14351851851851852 0.2074074074074074
0 0.11203703703703703 0.9009259259259259 0.22037037037037038 0.19814814814814816
0 0.25462962962962965 0.8069444444444445 0.08148148148148149 0.1388888888888889
0 0.7287037037037037 0.4111111111111111 0.22592592592592592 0.1685185185185185
0 0.5680555555555555 0.9384259259259259 0.14537037037037037 0.12314814814814815
0 0.3736111111111111 0.7046296296296296 0.075 0.20925925925925926
0 0.24074074074074073 0.6180555555555556 0.18703703703703703 0.24259259259259258
0 0.3421296296296296 0.35555555555555557 0.2537037037037037 0.1361111111111111
0 0.5342592592592592 0.17407407407407408 0.1537037037037037 0.3453703703703704
0 0.6587962962962963 0.5666666666666667 0.3296296296296296 0.15185185185185185