0 0.8694444444444445 0.5064814814814815 0.25787037037037036 0.25925925925925924
0 0.7337962962962963 0.2657407407407407 0.37037037037037035 0.17175925925925925
0 0.7569444444444444 0.7430555555555556 0.2671296296296296 0.27037037037037037
0 0.33055555555555555 0.24074074074074073 0.21712962962962962 0.1875
0 0.5819444444444445 0.48194444444444445 0.19212962962962962 0.18888888888888888
0 0.9587962962962963 0.1259259259259259 0.07962962962962963 0.17037037037037037
0 0.35694444444444445 0.7111111111111111 0.5078703703703704 0.2375
0 0.8435185185185186 0.9236111111111112 0.30925925925925923 0.14675925925925926
0 0.924074074074074 0.6694444444444444 0.1486111111111111 0.09212962962962963
0 0.3587962962962963 0.5023148148148148 0.25787037037037036 0.11712962962962963
0 0.43148148148148147 0.4162037037037037 0.25925925925925924 0.22037037037037038
0 0.6851851851851852 0.4861111111111111 0.23287037037037037 0.2625
0 0.08611111111111111 0.7287037037037037 0.17175925925925925 0.24212962962962964
0 0.5462962962962963 0.9314814814814815 0.2263888888888889 0.13425925925925927