0 0.5453703703703704 0.7939814814814815 0.17592592592592593 0.22777777777777777
0 0.0875 0.1398148148148148 0.175 0.1111111111111111
0 0.15092592592592594 0.8305555555555556 0.30185185185185187 0.1685185185185185
0 0.4300925925925926 0.44675925925925924 0.2462962962962963 0.1425925925925926
0 0.7513888888888889 0.5453703703703704 0.21481481481481482 0.13240740740740742
0 0.8231481481481482 0.8782407407407408 0.2 0.24351851851851852
0 0.3055555555555556 0.10277777777777777 0.17037037037037037 0.11203703703703703
0 0.8717592592592592 0.7199074074074074 0.14629629629629629 0.09351851851851851
0 0.5652777777777778 0.04814814814814815 0.2675925925925926 0.0962962962962963
0 0.07962962962962963 0.4337962962962963 0.1574074074074074 0.1388888888888889
0 0.19074074074074074 0.020370370370370372 0.1259259259259259 0.040740740740740744
0 0.16944444444444445 0.48564814814814816 0.10092592592592593 0.14074074074074075
0 0.4550925925925926 0.16944444444444445 0.18518518518518517 0.09259259259259259