0 0.5467592592592593 0.2023148148148148 0.31296296296296294 0.2759259259259259
0 0.4634259259259259 0.5055555555555555 0.19537037037037036 0.2740740740740741
0 0.9125 0.16574074074074074 0.175 0.175
0 0.5194444444444445 0.7912037037037037 0.2074074074074074 0.14537037037037037
0 0.7986111111111112 0.09768518518518518 0.16296296296296298 0.12962962962962962
0 0.5111111111111111 0.6685185185185185 0.15 0.18425925925925926
0 0.14444444444444443 0.39351851851851855 0.16111111111111112 0.18703703703703703
0 0.6615740740740741 0.95 0.25462962962962965 0.1
0 0.586574074074074 0.5055555555555555 0.17407407407407408 0.22037037037037038
0 0.3337962962962963 0.15648148148148147 0.10740740740740741 0.30648148148148147
0 0.6662037037037037 0.6055555555555555 0.1638888888888889 0.1574074074074074
0 0.8143518518518519 0.6217592592592592 0.08148148148148149 0.11851851851851852
0 0.19722222222222222 0.10138888888888889 0.22962962962962963 0.20277777777777778