0 0.7865740740740741 0.10138888888888889 0.17592592592592593 0.2
0 0.9287037037037037 0.8819444444444444 0.1388888888888889 0.2361111111111111
0 0.6569444444444444 0.7986111111111112 0.2388888888888889 0.3277777777777778
0 0.41805555555555557 0.5935185185185186 0.1259259259259259 0.18703703703703703
0 0.24074074074074073 0.8162037037037037 0.225 0.29814814814814816
0 0.6773148148148148 0.7212962962962963 0.15462962962962962 0.2111111111111111
0 0.649074074074074 0.3888888888888889 0.22592592592592592 0.2935185185185185
0 0.9194444444444444 0.5305555555555556 0.1574074074074074 0.2111111111111111
0 0.19537037037037036 0.6523148148148148 0.12777777777777777 0.30185185185185187
0 0.3837962962962963 0.9 0.11388888888888889 0.2
0 0.15555555555555556 0.39444444444444443 0.29814814814814816 0.1638888888888889
0 0.32175925925925924 0.08981481481481482 0.2564814814814815 0.17592592592592593