0 0.3861111111111111 0.3333333333333333 0.32592592592592595 0.18009259259259258
0 0.49444444444444446 0.5439814814814815 0.3138888888888889 0.10046296296296296
0 0.7865740740740741 0.8736111111111111 0.4236111111111111 0.2013888888888889
0 0.05277777777777778 0.6898148148148148 0.1050925925925926 0.17453703703703705
0 0.30462962962962964 0.15555555555555556 0.36527777777777776 0.09953703703703703
0 0.1287037037037037 0.5361111111111111 0.2574074074074074 0.10185185185185185
0 0.6777777777777778 0.16527777777777777 0.10416666666666667 0.07777777777777778
0 0.2518518518518518 0.7680555555555556 0.35833333333333334 0.1425925925925926
0 0.9199074074074074 0.2810185185185185 0.15648148148148147 0.07083333333333333
0 0.3055555555555556 0.9537037037037037 0.2222222222222222 0.09259259259259259
0 0.44537037037037036 0.03888888888888889 0.34629629629629627 0.07777777777777778
0 0.6981481481481482 0.6851851851851852 0.13425925925925927 0.2351851851851852
0 0.6106481481481482 0.35138888888888886 0.07222222222222222 0.08472222222222223