0 0.34444444444444444 0.5611111111111111 0.2638888888888889 0.26851851851851855
0 0.6601851851851852 0.6986111111111111 0.3111111111111111 0.4
0 0.9296296296296296 0.07175925925925926 0.13703703703703704 0.14351851851851852
0 0.6773148148148148 0.36018518518518516 0.35462962962962963 0.10740740740740741
0 0.5370370370370371 0.13287037037037036 0.26481481481481484 0.15555555555555556
0 0.09861111111111111 0.1375 0.1962962962962963 0.08703703703703704
0 0.12222222222222222 0.39166666666666666 0.08703703703703704 0.1037037037037037
0 0.11481481481481481 0.7291666666666666 0.12407407407407407 0.04722222222222222
0 0.5662037037037037 0.8861111111111111 0.10833333333333334 0.15833333333333333
0 0.8782407407407408 0.17083333333333334 0.24351851851851852 0.14537037037037037
0 0.7796296296296297 0.0412037037037037 0.09074074074074075 0.0824074074074074
0 0.2388888888888889 0.28564814814814815 0.06666666666666667 0.08148148148148149
0 0.4287037037037037 0.26481481481481484 0.08333333333333333 0.07592592592592592
0 0.42268518518518516 0.058333333333333334 0.22407407407407406 0.10740740740740741
0 0.2050925925925926 0.18564814814814815 0.06481481481481481 0.08518518518518518