0 0.462037037037037 0.5842592592592593 0.11898148148148148 0.1361111111111111
0 0.6476851851851851 0.4703703703703704 0.16342592592592592 0.2351851851851852
0 0.7342592592592593 0.8398148148148148 0.11435185185185186 0.07592592592592592
0 0.7981481481481482 0.20277777777777778 0.0699074074074074 0.08194444444444444
0 0.11481481481481481 0.7958333333333333 0.13935185185185187 0.12222222222222222
0 0.5847222222222223 0.9120370370370371 0.08055555555555556 0.17546296296296296
0 0.32037037037037036 0.9300925925925926 0.16296296296296298 0.09583333333333334
0 0.35185185185185186 0.7986111111111112 0.1865740740740741 0.1486111111111111
0 0.5388888888888889 0.7782407407407408 0.12268518518518519 0.11712962962962963
0 0.4101851851851852 0.3365740740740741 0.12777777777777777 0.19583333333333333
0 0.9583333333333334 0.7305555555555555 0.07314814814814814 0.11018518518518519
0 0.7222222222222222 0.6680555555555555 0.09027777777777778 0.07037037037037037
0 0.26435185185185184 0.4708333333333333 0.18287037037037038 0.10740740740740741
0 0.4148148148148148 0.1625 0.07222222222222222 0.1287037037037037
0 0.7069444444444445 0.08101851851851852 0.1625 0.07314814814814814
0 0.8231481481481482 0.7722222222222223 0.08425925925925926 0.14166666666666666
0 0.27870370370370373 0.3333333333333333 0.05277777777777778 0.07361111111111111
0 0.017592592592592594 0.5314814814814814 0.032407407407407406 0.12268518518518519
0 0.11018518518518519 0.23194444444444445 0.1550925925925926 0.05185185185185185
0 0.8930555555555556 0.3212962962962963 0.21064814814814814 0.17962962962962964
0 0.1638888888888889 0.9708333333333333 0.11805555555555555 0.058333333333333334
0 0.5611111111111111 0.16898148148148148 0.06111111111111111 0.09814814814814815
0 0.7296296296296296 0.7597222222222222 0.05648148148148148 0.07175925925925926
0 0.7333333333333333 0.1675925925925926 0.14675925925925926 0.05648148148148148
0 0.40185185185185185 0.0375 0.11805555555555555 0.07361111111111111
0 0.018055555555555554 0.8319444444444445 0.03333333333333333 0.14027777777777778
0 0.3421296296296296 0.35 0.05 0.125
0 0.14629629629629629 0.16435185185185186 0.08703703703703704 0.11805555555555555
0 0.29814814814814816 0.5745370370370371 0.0837962962962963 0.050462962962962966
0 0.9736111111111111 0.625462962962963 0.05277777777777778 0.058333333333333334
0 0.15462962962962962 0.674074074074074 0.11296296296296296 0.058333333333333334
0 0.6513888888888889 0.6273148148148148 0.1375 0.058333333333333334