0 0.8375 0.2111111111111111 0.1814814814814815 0.34675925925925927
0 0.5634259259259259 0.3638888888888889 0.07962962962962963 0.1935185185185185
0 0.5375 0.8726851851851852 0.2064814814814815 0.2513888888888889
0 0.23981481481481481 0.5467592592592593 0.20787037037037037 0.14074074074074075
0 0.3226851851851852 0.4078703703703704 0.11388888888888889 0.21574074074074073
0 0.4740740740740741 0.3055555555555556 0.07962962962962963 0.3263888888888889
0 0.36944444444444446 0.6759259259259259 0.11712962962962963 0.2828703703703704
0 0.9328703703703703 0.6888888888888889 0.0625 0.26851851851851855
0 0.836574074074074 0.6611111111111111 0.06388888888888888 0.15
0 0.41388888888888886 0.3578703703703704 0.03425925925925926 0.09074074074074075
0 0.9430555555555555 0.4532407407407407 0.1111111111111111 0.2125
0 0.5 0.6662037037037037 0.09074074074074075 0.1986111111111111