0 0.8986111111111111 0.7865740740740741 0.2 0.1763888888888889
0 0.11805555555555555 0.9287037037037037 0.2361111111111111 0.1388888888888889
0 0.2013888888888889 0.6569444444444444 0.3282407407407407 0.2388888888888889
0 0.4064814814814815 0.41805555555555557 0.1875 0.12638888888888888
0 0.1837962962962963 0.24074074074074073 0.2986111111111111 0.225
0 0.27870370370370373 0.6773148148148148 0.2111111111111111 0.15462962962962962
0 0.6111111111111112 0.649074074074074 0.2935185185185185 0.2263888888888889
0 0.46944444444444444 0.9194444444444444 0.2111111111111111 0.15787037037037038
0 0.3476851851851852 0.19537037037037036 0.3013888888888889 0.12824074074074074
0 0.1 0.3837962962962963 0.2 0.11388888888888889
0 0.6055555555555555 0.15555555555555556 0.1638888888888889 0.2986111111111111
0 0.9101851851851852 0.32175925925925924 0.1763888888888889 0.2564814814814815