0 0.6666666666666666 0.6138888888888889 0.17962962962962964 0.32592592592592595
0 0.45601851851851855 0.5055555555555555 0.1 0.3138888888888889
0 0.12638888888888888 0.21342592592592594 0.20185185185185187 0.42407407407407405
0 0.3101851851851852 0.9472222222222222 0.17407407407407408 0.10555555555555556
0 0.8444444444444444 0.6953703703703704 0.1 0.3648148148148148
0 0.4638888888888889 0.8712962962962963 0.10185185185185185 0.2574074074074074
0 0.8347222222222223 0.32222222222222224 0.07777777777777778 0.1037037037037037
0 0.23194444444444445 0.7481481481481481 0.1425925925925926 0.35833333333333334
0 0.7189814814814814 0.08009259259259259 0.07037037037037037 0.15648148148148147
0 0.046296296296296294 0.6944444444444444 0.09259259259259259 0.2222222222222222
0 0.9611111111111111 0.5546296296296296 0.07777777777777778 0.34629629629629627
0 0.3148148148148148 0.30185185185185187 0.2351851851851852 0.13425925925925927
0 0.6486111111111111 0.38935185185185184 0.08518518518518518 0.07222222222222222