0 0.13055555555555556 0.08981481481481482 0.2574074074074074 0.17592592592592593
0 0.9157407407407407 0.5898148148148148 0.07777777777777778 0.15185185185185185
0 0.9365740740740741 0.8180555555555555 0.12407407407407407 0.1175925925925926
0 0.8773148148148148 0.34444444444444444 0.14814814814814814 0.07962962962962963
0 0.2111111111111111 0.2638888888888889 0.30648148148148147 0.15648148148148147
0 0.9328703703703703 0.09907407407407408 0.13425925925925927 0.08333333333333333
0 0.774074074074074 0.3125 0.12037037037037036 0.08148148148148149
0 0.775 0.6851851851851852 0.14629629629629629 0.05462962962962963
0 0.7976851851851852 0.8101851851851852 0.15185185185185185 0.07592592592592592
0 0.7912037037037037 0.20925925925925926 0.11388888888888889 0.0962962962962963
0 0.5064814814814815 0.5254629629629629 0.18518518518518517 0.22962962962962963