0 0.6657407407407407 0.8217592592592593 0.2462962962962963 0.3537037037037037
0 0.08842592592592592 0.65 0.12407407407407407 0.1537037037037037
0 0.4634259259259259 0.7532407407407408 0.2388888888888889 0.2
0 0.6314814814814815 0.4148148148148148 0.15 0.17592592592592593
0 0.2814814814814815 0.7819444444444444 0.16296296296296298 0.18611111111111112
0 0.40555555555555556 0.48842592592592593 0.1361111111111111 0.07962962962962963
0 0.4648148148148148 0.8717592592592592 0.1425925925925926 0.12777777777777777
0 0.5185185185185185 0.6263888888888889 0.2037037037037037 0.09351851851851851
0 0.04675925925925926 0.043055555555555555 0.09351851851851851 0.08611111111111111
0 0.7203703703703703 0.47962962962962963 0.3277777777777778 0.30925925925925923
0 0.32731481481481484 0.47638888888888886 0.10185185185185185 0.07222222222222222
0 0.5462962962962963 0.5578703703703703 0.08611111111111111 0.05648148148148148