0 0.5453703703703704 0.20601851851851852 0.17546296296296296 0.2273148148148148
0 0.0875 0.8601851851851852 0.175 0.1111111111111111
0 0.15092592592592594 0.16944444444444445 0.3013888888888889 0.16805555555555557
0 0.4300925925925926 0.5532407407407407 0.24583333333333332 0.1425925925925926
0 0.7513888888888889 0.4546296296296296 0.21481481481481482 0.13240740740740742
0 0.8231481481481482 0.12175925925925926 0.19953703703703704 0.24351851851851852
0 0.3055555555555556 0.8972222222222223 0.17037037037037037 0.11203703703703703
0 0.8717592592592592 0.2800925925925926 0.14583333333333334 0.09351851851851851
0 0.5652777777777778 0.9518518518518518 0.2675925925925926 0.0962962962962963
0 0.07962962962962963 0.5662037037037037 0.1574074074074074 0.13935185185185187
0 0.19074074074074074 0.9796296296296296 0.1259259259259259 0.04027777777777778
0 0.16944444444444445 0.5143518518518518 0.10092592592592593 0.1412037037037037
0 0.4550925925925926 0.8305555555555556 0.18518518518518517 0.09212962962962963