0 0.6560185185185186 0.8384259259259259 0.16296296296296298 0.1925925925925926
0 0.4537037037037037 0.0837962962962963 0.21296296296296297 0.1648148148148148
0 0.3060185185185185 0.2861111111111111 0.1111111111111111 0.17407407407407408
0 0.8162037037037037 0.3490740740740741 0.22037037037037038 0.11851851851851852
0 0.2726851851851852 0.6319444444444444 0.17962962962962964 0.10925925925925926
0 0.7564814814814815 0.6138888888888889 0.2388888888888889 0.19907407407407407
0 0.18935185185185185 0.46944444444444444 0.13333333333333333 0.2
0 0.11574074074074074 0.17453703703703705 0.125 0.13148148148148148
0 0.25833333333333336 0.08564814814814815 0.09074074074074075 0.09444444444444444
0 0.14537037037037037 0.9291666666666667 0.10740740740740741 0.14166666666666666
0 0.45185185185185184 0.9296296296296296 0.07962962962962963 0.07777777777777778
0 0.8023148148148148 0.1574074074074074 0.08333333333333333 0.3148148148148148
0 0.4027777777777778 0.49907407407407406 0.15925925925925927 0.2
0 0.9680555555555556 0.19212962962962962 0.06388888888888888 0.19166666666666668
0 0.038425925925925926 0.8268518518518518 0.07685185185185185 0.1361111111111111
0 0.11805555555555555 0.4513888888888889 0.10833333333333334 0.2111111111111111
0 0.5685185185185185 0.40185185185185185 0.18333333333333332 0.1824074074074074
0 0.5828703703703704 0.1388888888888889 0.08796296296296297 0.07777777777777778
0 0.5995370370370371 0.7351851851851852 0.11944444444444445 0.12407407407407407
0 0.1763888888888889 0.03888888888888889 0.09537037037037037 0.07777777777777778
0 0.09675925925925925 0.058333333333333334 0.12962962962962962 0.10740740740740741
0 0.4666666666666667 0.7476851851851852 0.09537037037037037 0.14444444444444443
0 0.19212962962962962 0.1875 0.05462962962962963 0.13518518518518519
0 0.36944444444444446 0.0125 0.1824074074074074 0.025
0 0.5013888888888889 0.9495370370370371 0.058333333333333334 0.1