0 0.6087962962962963 0.8634259259259259 0.2953703703703704 0.12962962962962962
0 0.6162037037037037 0.24074074074074073 0.3861111111111111 0.11851851851851852
0 0.2712962962962963 0.30092592592592593 0.14537037037037037 0.18611111111111112
0 0.12962962962962962 0.12268518518518519 0.2 0.14537037037037037
0 0.7509259259259259 0.7361111111111112 0.09861111111111111 0.15324074074074073
0 0.4759259259259259 0.3851851851851852 0.14537037037037037 0.19537037037037036
0 0.6694444444444444 0.39351851851851855 0.27037037037037037 0.18425925925925926
0 0.3861111111111111 0.9296296296296296 0.1935185185185185 0.1375
0 0.1986111111111111 0.5685185185185185 0.14351851851851852 0.1125
0 0.9 0.3421296296296296 0.15648148148148147 0.22175925925925927
0 0.5782407407407407 0.09351851851851851 0.36203703703703705 0.1162037037037037