0 0.5305555555555556 0.46620370370370373 0.22962962962962963 0.21666666666666667
0 0.40555555555555556 0.3537037037037037 0.3138888888888889 0.22962962962962963
0 0.6171296296296296 0.18287037037037038 0.1685185185185185 0.225
0 0.8787037037037037 0.586574074074074 0.21388888888888888 0.2074074074074074
0 0.45694444444444443 0.12731481481481483 0.1638888888888889 0.18611111111111112
0 0.7236111111111111 0.26481481481481484 0.08425925925925926 0.08611111111111111
0 0.6694444444444444 0.7111111111111111 0.13333333333333333 0.362962962962963
0 0.9125 0.16018518518518518 0.175 0.19814814814814816
0 0.8634259259259259 0.04537037037037037 0.12037037037037036 0.08703703703703704
0 0.3648148148148148 0.7236111111111111 0.2574074074074074 0.32222222222222224
0 0.41574074074074074 0.20694444444444443 0.24351851851851852 0.11388888888888889