0 0.5657407407407408 0.3912037037037037 0.21851851851851853 0.2263888888888889
0 0.40879629629629627 0.5537037037037037 0.2953703703703704 0.13287037037037036
0 0.24768518518518517 0.6453703703703704 0.12962962962962962 0.14074074074074075
0 0.25324074074074077 0.4185185185185185 0.22824074074074074 0.14675925925925926
0 0.1476851851851852 0.12824074074074074 0.15462962962962962 0.25
0 0.7171296296296297 0.6282407407407408 0.22824074074074074 0.1
0 0.7976851851851852 0.725 0.12037037037037036 0.15
0 0.4532407407407407 0.2962962962962963 0.17175925925925925 0.12962962962962962
0 0.06018518518518518 0.6342592592592593 0.12037037037037036 0.19675925925925927
0 0.36944444444444446 0.7319444444444444 0.2388888888888889 0.09861111111111111
0 0.95 0.8351851851851851 0.09675925925925925 0.14537037037037037
0 0.8453703703703703 0.14444444444444443 0.08425925925925926 0.08611111111111111
0 0.3662037037037037 0.85 0.19212962962962962 0.14351851851851852
0 0.24305555555555555 0.14907407407407408 0.11388888888888889 0.16712962962962963
0 0.7805555555555556 0.21481481481481482 0.07361111111111111 0.16111111111111112