0 0.3912037037037037 0.5657407407407408 0.22592592592592592 0.21851851851851853
0 0.5537037037037037 0.40879629629629627 0.13333333333333333 0.2953703703703704
0 0.6453703703703704 0.24768518518518517 0.14074074074074075 0.12962962962962962
0 0.4185185185185185 0.25324074074074077 0.14629629629629629 0.22777777777777777
0 0.12824074074074074 0.1476851851851852 0.25 0.15462962962962962
0 0.6282407407407408 0.7171296296296297 0.1 0.22777777777777777
0 0.725 0.7976851851851852 0.15 0.12037037037037036
0 0.2962962962962963 0.4532407407407407 0.12962962962962962 0.17222222222222222
0 0.6342592592592593 0.06018518518518518 0.1962962962962963 0.12037037037037036
0 0.7319444444444444 0.36944444444444446 0.09814814814814815 0.2388888888888889
0 0.8351851851851851 0.95 0.14537037037037037 0.09722222222222222
0 0.14444444444444443 0.8453703703703703 0.08611111111111111 0.08425925925925926
0 0.85 0.3662037037037037 0.14351851851851852 0.1925925925925926
0 0.14907407407407408 0.24305555555555555 0.16666666666666666 0.11388888888888889
0 0.21481481481481482 0.7805555555555556 0.16111111111111112 0.07407407407407407