0 0.4532407407407407 0.7976851851851852 0.31296296296296294 0.2759259259259259
0 0.5365740740740741 0.49444444444444446 0.19537037037037036 0.2740740740740741
0 0.0875 0.8342592592592593 0.175 0.175
0 0.48055555555555557 0.20879629629629629 0.2074074074074074 0.14537037037037037
0 0.2013888888888889 0.9023148148148148 0.16296296296296298 0.12962962962962962
0 0.4888888888888889 0.3314814814814815 0.15 0.18425925925925926
0 0.8555555555555555 0.6064814814814815 0.16111111111111112 0.18796296296296297
0 0.3384259259259259 0.05 0.25462962962962965 0.1
0 0.4134259259259259 0.49444444444444446 0.17407407407407408 0.22037037037037038
0 0.6662037037037037 0.8435185185185186 0.10740740740740741 0.30648148148148147
0 0.3337962962962963 0.39444444444444443 0.1638888888888889 0.1574074074074074
0 0.18564814814814815 0.37824074074074077 0.08148148148148149 0.11851851851851852
0 0.8027777777777778 0.8986111111111111 0.22962962962962963 0.20277777777777778