0 0.21574074074074073 0.45787037037037037 0.17777777777777778 0.2722222222222222
0 0.34629629629629627 0.20694444444444443 0.08796296296296297 0.125
0 0.9583333333333334 0.6837962962962963 0.07407407407407407 0.08148148148148149
0 0.8953703703703704 0.8398148148148148 0.20925925925925926 0.10555555555555556
0 0.7314814814814815 0.4912037037037037 0.12037037037037036 0.14444444444444443
0 0.9569444444444445 0.13703703703703704 0.07592592592592592 0.09814814814814815
0 0.08425925925925926 0.44027777777777777 0.1685185185185185 0.06944444444444445
0 0.5347222222222222 0.8018518518518518 0.22962962962962963 0.07962962962962963
0 0.9444444444444444 0.36574074074074076 0.10185185185185185 0.1574074074074074
0 0.5638888888888889 0.22592592592592592 0.0962962962962963 0.06851851851851852
0 0.9342592592592592 0.9824074074074074 0.13148148148148148 0.03518518518518519
0 0.10462962962962963 0.1726851851851852 0.16296296296296298 0.08981481481481482
0 0.6078703703703704 0.027777777777777776 0.26851851851851855 0.05462962962962963
0 0.8800925925925925 0.9648148148148148 0.2388888888888889 0.07037037037037037
0 0.6787037037037037 0.2824074074074074 0.18703703703703703 0.13703703703703704
0 0.37546296296296294 0.7 0.2611111111111111 0.07592592592592592
0 0.6032407407407407 0.6333333333333333 0.12777777777777777 0.18055555555555555