0 0.5736111111111111 0.43842592592592594 0.325 0.2833333333333333
0 0.33055555555555555 0.5537037037037037 0.11666666666666667 0.24814814814814815
0 0.6601851851851852 0.8375 0.1574074074074074 0.225
0 0.6717592592592593 0.6212962962962963 0.17222222222222222 0.20185185185185187
0 0.5351851851851852 0.9305555555555556 0.07037037037037037 0.1361111111111111
0 0.8930555555555556 0.2912037037037037 0.17407407407407408 0.39814814814814814
0 0.2935185185185185 0.8842592592592593 0.08703703703703704 0.15925925925925927
0 0.95 0.7638888888888888 0.0962962962962963 0.13796296296296295
0 0.525 0.6453703703703704 0.11574074074074074 0.21574074074074073
0 0.1337962962962963 0.1337962962962963 0.09814814814814815 0.11018518518518519
0 0.07037037037037037 0.7328703703703704 0.06574074074074074 0.125