0 0.8305555555555556 0.22037037037037038 0.13333333333333333 0.19074074074074074
0 0.23055555555555557 0.5796296296296296 0.22407407407407406 0.15925925925925927
0 0.7703703703703704 0.5009259259259259 0.18703703703703703 0.2074074074074074
0 0.9337962962962963 0.11064814814814815 0.13240740740740742 0.2212962962962963
0 0.37175925925925923 0.7851851851851852 0.225 0.08611111111111111
0 0.3592592592592593 0.35 0.175 0.26851851851851855
0 0.11805555555555555 0.7125 0.2074074074074074 0.14722222222222223
0 0.2828703703703704 0.9407407407407408 0.34629629629629627 0.11574074074074074
0 0.5703703703703704 0.24351851851851852 0.15 0.1962962962962963
0 0.8032407407407407 0.95 0.13148148148148148 0.09722222222222222
0 0.17407407407407408 0.18055555555555555 0.17037037037037037 0.14166666666666666