0 0.6851851851851852 0.7782407407407408 0.2518518518518518 0.1935185185185185
0 0.7013888888888888 0.9513888888888888 0.21851851851851853 0.09351851851851851
0 0.4185185185185185 0.8138888888888889 0.21574074074074073 0.11574074074074074
0 0.4375 0.9564814814814815 0.1537037037037037 0.08425925925925926
0 0.4898148148148148 0.4337962962962963 0.20462962962962963 0.37407407407407406
0 0.7828703703703703 0.28888888888888886 0.10925925925925926 0.11574074074074074
0 0.9490740740740741 0.47962962962962963 0.09537037037037037 0.13148148148148148
0 0.3578703703703704 0.14675925925925926 0.1685185185185185 0.15648148148148147
0 0.9055555555555556 0.1259259259259259 0.06481481481481481 0.11388888888888889
0 0.9550925925925926 0.2412037037037037 0.06574074074074074 0.09814814814814815
0 0.65 0.09814814814814815 0.1 0.075