0 0.5694444444444444 0.7662037037037037 0.36666666666666664 0.46111111111111114
0 0.39861111111111114 0.4462962962962963 0.2935185185185185 0.15185185185185185
0 0.8703703703703703 0.5569444444444445 0.2564814814814815 0.13333333333333333
0 0.19305555555555556 0.5828703703703704 0.22037037037037038 0.14074074074074075
0 0.9074074074074074 0.1300925925925926 0.18518518518518517 0.21203703703703702
0 0.5185185185185185 0.26435185185185184 0.13425925925925927 0.1685185185185185
0 0.31805555555555554 0.2759259259259259 0.10740740740740741 0.19537037037037036
0 0.5018518518518519 0.13055555555555556 0.15925925925925927 0.0962962962962963
0 0.14351851851851852 0.300462962962963 0.13425925925925927 0.10833333333333334
0 0.15787037037037038 0.07083333333333333 0.12777777777777777 0.07407407407407407
0 0.5703703703703704 0.08009259259259259 0.07407407407407407 0.12777777777777777
0 0.7152777777777778 0.4615740740740741 0.19074074074074074 0.13333333333333333