0 0.8134259259259259 0.5592592592592592 0.2111111111111111 0.325
0 0.7203703703703703 0.7912037037037037 0.16296296296296298 0.20462962962962963
0 0.25462962962962965 0.4976851851851852 0.16296296296296298 0.1925925925925926
0 0.20879629629629629 0.9365740740740741 0.23333333333333334 0.12685185185185185
0 0.36712962962962964 0.4212962962962963 0.075 0.17037037037037037
0 0.5763888888888888 0.8657407407407407 0.10925925925925926 0.22777777777777777
0 0.6375 0.5509259259259259 0.11296296296296296 0.2074074074074074
0 0.06342592592592593 0.17962962962962964 0.12407407407407407 0.23703703703703705
0 0.8361111111111111 0.3194444444444444 0.0962962962962963 0.15185185185185185
0 0.6388888888888888 0.3296296296296296 0.1037037037037037 0.1537037037037037
0 0.3101851851851852 0.5967592592592592 0.1111111111111111 0.125
0 0.2777777777777778 0.8143518518518519 0.12777777777777777 0.125
0 0.38981481481481484 0.9027777777777778 0.08703703703703704 0.13055555555555556