0 0.06481481481481481 0.8546296296296296 0.12962962962962962 0.29074074074074074
0 0.16620370370370371 0.3976851851851852 0.19814814814814816 0.09814814814814815
0 0.21481481481481482 0.7578703703703704 0.17037037037037037 0.2722222222222222
0 0.6462962962962963 0.4148148148148148 0.09259259259259259 0.2574074074074074
0 0.2111111111111111 0.5976851851851852 0.18703703703703703 0.13333333333333333
0 0.10231481481481482 0.5578703703703703 0.07962962962962963 0.11296296296296296
0 0.49907407407407406 0.35648148148148145 0.21388888888888888 0.17222222222222222
0 0.06712962962962964 0.12037037037037036 0.13425925925925927 0.23703703703703705
0 0.8634259259259259 0.48055555555555557 0.08333333333333333 0.10740740740740741
0 0.3055555555555556 0.7921296296296296 0.11388888888888889 0.15
0 0.03148148148148148 0.45555555555555555 0.06296296296296296 0.09537037037037037
0 0.3365740740740741 0.75 0.13333333333333333 0.15648148148148147