0 0.5555555555555556 0.14675925925925926 0.2361111111111111 0.17777777777777778
0 0.6240740740740741 0.3921296296296296 0.1638888888888889 0.2657407407407407
0 0.575 0.7898148148148149 0.28703703703703703 0.1638888888888889
0 0.9194444444444444 0.7671296296296296 0.16111111111111112 0.21296296296296297
0 0.2662037037037037 0.6865740740740741 0.20462962962962963 0.1638888888888889
0 0.6435185185185185 0.6314814814814815 0.275 0.1037037037037037
0 0.8180555555555555 0.14351851851851852 0.1388888888888889 0.12222222222222222
0 0.40879629629629627 0.924074074074074 0.16666666666666666 0.14814814814814814
0 0.7361111111111112 0.4009259259259259 0.13148148148148148 0.17962962962962964
0 0.13842592592592592 0.7685185185185185 0.2740740740740741 0.24351851851851852
0 0.13842592592592592 0.2671296296296296 0.20185185185185187 0.2
0 0.5773148148148148 0.9537037037037037 0.1425925925925926 0.08888888888888889
0 0.8560185185185185 0.5930555555555556 0.11851851851851852 0.3101851851851852
0 0.125 0.06574074074074074 0.15925925925925927 0.13148148148148148
0 0.13564814814814816 0.500462962962963 0.1537037037037037 0.13333333333333333