0 0.5430555555555555 0.5138888888888888 0.3138888888888889 0.21851851851851853
0 0.22870370370370371 0.4046296296296296 0.1574074074074074 0.25
0 0.36712962962962964 0.25092592592592594 0.1537037037037037 0.14537037037037037
0 0.4861111111111111 0.9319444444444445 0.075 0.13333333333333333
0 0.11944444444444445 0.41388888888888886 0.22407407407407406 0.23425925925925925
0 0.9476851851851852 0.41805555555555557 0.10185185185185185 0.13333333333333333
0 0.8712962962962963 0.3337962962962963 0.06666666666666667 0.15462962962962962
0 0.8148148148148148 0.5078703703703704 0.07407407407407407 0.16296296296296298
0 0.8351851851851851 0.9569444444444445 0.15462962962962962 0.08333333333333333
0 0.8041666666666667 0.09351851851851851 0.0712962962962963 0.18703703703703703
0 0.7263888888888889 0.7171296296296297 0.10925925925925926 0.12222222222222222
0 0.9361111111111111 0.6023148148148149 0.125 0.4361111111111111
0 0.3277777777777778 0.6893518518518519 0.12037037037037036 0.16666666666666666