0 0.7305555555555555 0.7305555555555555 0.20185185185185187 0.17962962962962964
0 0.6986111111111111 0.2962962962962963 0.14629629629629629 0.1925925925925926
0 0.3592592592592593 0.3523148148148148 0.11574074074074074 0.19537037037037036
0 0.6736111111111112 0.07175925925925926 0.15925925925925927 0.14074074074074075
0 0.5796296296296296 0.4013888888888889 0.12222222222222222 0.11296296296296296
0 0.42592592592592593 0.9023148148148148 0.09814814814814815 0.19537037037037036
0 0.8986111111111111 0.30787037037037035 0.075 0.13703703703703704
0 0.25324074074074077 0.2657407407407407 0.125 0.24351851851851852
0 0.850925925925926 0.5217592592592593 0.29814814814814816 0.20833333333333334
0 0.5319444444444444 0.11898148148148148 0.1111111111111111 0.17222222222222222
0 0.524537037037037 0.6768518518518518 0.13333333333333333 0.275
0 0.38425925925925924 0.04583333333333333 0.11296296296296296 0.09074074074074075
0 0.6796296296296296 0.8564814814814815 0.12407407407407407 0.1537037037037037