0 0.8842592592592593 0.07731481481481481 0.10925925925925926 0.15462962962962962
0 0.40555555555555556 0.6087962962962963 0.12037037037037036 0.09814814814814815
0 0.29074074074074074 0.32592592592592595 0.2064814814814815 0.22962962962962963
0 0.2851851851851852 0.8157407407407408 0.1111111111111111 0.13148148148148148
0 0.2064814814814815 0.9546296296296296 0.17777777777777778 0.08796296296296297
0 0.08611111111111111 0.20324074074074075 0.06296296296296296 0.11574074074074074
0 0.8328703703703704 0.32037037037037036 0.1037037037037037 0.075
0 0.4134259259259259 0.04351851851851852 0.06388888888888888 0.08703703703703704
0 0.9587962962962963 0.7425925925925926 0.0824074074074074 0.19814814814814816
0 0.9805555555555555 0.30694444444444446 0.03888888888888889 0.1425925925925926
0 0.2657407407407407 0.8944444444444445 0.26296296296296295 0.08333333333333333
0 0.9638888888888889 0.4337962962962963 0.07222222222222222 0.16666666666666666