0 0.8763888888888889 0.799074074074074 0.24351851851851852 0.12962962962962962
0 0.5194444444444445 0.5023148148148148 0.13935185185185187 0.21481481481481482
0 0.2851851851851852 0.3560185185185185 0.10092592592592593 0.23842592592592593
0 0.500462962962963 0.23564814814814813 0.12962962962962962 0.07962962962962963
0 0.44027777777777777 0.37962962962962965 0.2037037037037037 0.1375
0 0.8083333333333333 0.17916666666666667 0.07314814814814814 0.09537037037037037
0 0.6055555555555555 0.6736111111111112 0.16712962962962963 0.26851851851851855
0 0.6620370370370371 0.5393518518518519 0.1162037037037037 0.1125
0 0.9171296296296296 0.5194444444444445 0.10277777777777777 0.12037037037037036
0 0.7805555555555556 0.31527777777777777 0.12268518518518519 0.12962962962962962
0 0.09861111111111111 0.07268518518518519 0.14953703703703702 0.14537037037037037