0 0.32314814814814813 0.8013888888888889 0.18611111111111112 0.13657407407407407
0 0.1625 0.8199074074074074 0.1388888888888889 0.10972222222222222
0 0.9097222222222222 0.4476851851851852 0.1712962962962963 0.15601851851851853
0 0.08425925925925926 0.6486111111111111 0.1685185185185185 0.10648148148148148
0 0.09259259259259259 0.14027777777777778 0.14629629629629629 0.11481481481481481
0 0.36203703703703705 0.06898148148148148 0.12962962962962962 0.1287037037037037
0 0.33287037037037037 0.2912037037037037 0.08009259259259259 0.12314814814814815
0 0.5231481481481481 0.47314814814814815 0.21435185185185185 0.08657407407407407
0 0.0375 0.8444444444444444 0.07453703703703704 0.10092592592592593
0 0.29074074074074074 0.6518518518518519 0.21851851851851853 0.06018518518518518
0 0.8712962962962963 0.3449074074074074 0.25416666666666665 0.07037037037037037
0 0.8625 0.9476851851851852 0.2712962962962963 0.09953703703703703
0 0.1087962962962963 0.4583333333333333 0.10138888888888889 0.13518518518518519
0 0.6134259259259259 0.6828703703703703 0.17546296296296296 0.09074074074074075
0 0.22407407407407406 0.025 0.14166666666666666 0.04861111111111111
0 0.27361111111111114 0.12129629629629629 0.09722222222222222 0.10833333333333334
0 0.4759259259259259 0.8768518518518519 0.09259259259259259 0.07175925925925926
0 0.5083333333333333 0.3541666666666667 0.06712962962962964 0.07546296296296297
0 0.9231481481481482 0.04027777777777778 0.14212962962962963 0.08055555555555556
0 0.36898148148148147 0.39166666666666666 0.056018518518518516 0.06435185185185185