0 0.6416666666666667 0.5666666666666667 0.1638888888888889 0.18518518518518517
0 0.4912037037037037 0.7388888888888889 0.17592592592592593 0.17314814814814813
0 0.2013888888888889 0.8449074074074074 0.19074074074074074 0.12037037037037036
0 0.5472222222222223 0.37592592592592594 0.09074074074074075 0.15833333333333333
0 0.6865740740740741 0.13472222222222222 0.2111111111111111 0.11481481481481481
0 0.9703703703703703 0.5166666666666667 0.05925925925925926 0.17777777777777778
0 0.7819444444444444 0.43148148148148147 0.06851851851851852 0.18518518518518517
0 0.1037037037037037 0.09675925925925925 0.2074074074074074 0.1935185185185185
0 0.3402777777777778 0.4393518518518518 0.09537037037037037 0.23981481481481481
0 0.5657407407407408 0.9254629629629629 0.09074074074074075 0.1388888888888889
0 0.013425925925925926 0.3824074074074074 0.026851851851851852 0.15462962962962962
0 0.1574074074074074 0.46805555555555556 0.10555555555555556 0.21296296296296297