0 0.9171296296296296 0.4375 0.1625 0.1125
0 0.4634259259259259 0.4009259259259259 0.21712962962962962 0.25462962962962965
0 0.08611111111111111 0.5486111111111112 0.1685185185185185 0.275
0 0.8930555555555556 0.14444444444444443 0.2111111111111111 0.15138888888888888
0 0.7569444444444444 0.6305555555555555 0.2111111111111111 0.2361111111111111
0 0.33194444444444443 0.44537037037037036 0.2763888888888889 0.26851851851851855
0 0.4115740740740741 0.6930555555555555 0.12638888888888888 0.16111111111111112
0 0.10231481481481482 0.3287037037037037 0.20462962962962963 0.1763888888888889
0 0.8462962962962963 0.8587962962962963 0.1388888888888889 0.15787037037037038
0 0.28194444444444444 0.8726851851851852 0.12638888888888888 0.16111111111111112
0 0.2523148148148148 0.14305555555555555 0.06388888888888888 0.16111111111111112