0 0.5625 0.08287037037037037 0.11296296296296296 0.16296296296296298
0 0.5990740740740741 0.5365740740740741 0.25462962962962965 0.21666666666666667
0 0.4513888888888889 0.9138888888888889 0.275 0.1685185185185185
0 0.8555555555555555 0.10694444444444444 0.15185185185185185 0.2111111111111111
0 0.36944444444444446 0.24305555555555555 0.2361111111111111 0.2111111111111111
0 0.5546296296296296 0.6680555555555555 0.26851851851851855 0.2759259259259259
0 0.30694444444444446 0.5884259259259259 0.16111111111111112 0.1259259259259259
0 0.6712962962962963 0.8976851851851851 0.17592592592592593 0.20462962962962963
0 0.1412037037037037 0.1537037037037037 0.1574074074074074 0.1388888888888889
0 0.12731481481481483 0.7180555555555556 0.16111111111111112 0.12685185185185185
0 0.8569444444444444 0.7476851851851852 0.16111111111111112 0.06388888888888888