0 0.8805555555555555 0.337037037037037 0.2388888888888889 0.2962962962962963
0 0.09907407407407408 0.45046296296296295 0.12777777777777777 0.1537037037037037
0 0.9305555555555556 0.8828703703703704 0.13240740740740742 0.23425925925925925
0 0.9449074074074074 0.45185185185185184 0.1037037037037037 0.11851851851851852
0 0.7333333333333333 0.725462962962963 0.20185185185185187 0.0787037037037037
0 0.6074074074074074 0.7273148148148149 0.10555555555555556 0.13240740740740742
0 0.9291666666666667 0.1597222222222222 0.13518518518518519 0.062037037037037036
0 0.9111111111111111 0.5537037037037037 0.06851851851851852 0.07222222222222222
0 0.45416666666666666 0.15416666666666667 0.08703703703703704 0.07407407407407407
0 0.4685185185185185 0.2412037037037037 0.09074074074074075 0.10555555555555556
0 0.725462962962963 0.47453703703703703 0.06388888888888888 0.07777777777777778
0 0.7699074074074074 0.6291666666666667 0.11388888888888889 0.06296296296296296