0 0.16805555555555557 0.6944444444444444 0.20787037037037037 0.1638888888888889
0 0.6282407407407408 0.1685185185185185 0.20324074074074075 0.2064814814814815
0 0.45231481481481484 0.4203703703703704 0.2986111111111111 0.2814814814814815
0 0.07175925925925926 0.8305555555555556 0.14351851851851852 0.18611111111111112
0 0.8865740740740741 0.07592592592592592 0.18888888888888888 0.15138888888888888
0 0.16111111111111112 0.4685185185185185 0.32175925925925924 0.27824074074074073
0 0.03888888888888889 0.3055555555555556 0.07777777777777778 0.1111111111111111
0 0.05648148148148148 0.20879629629629629 0.1125 0.41712962962962963
0 0.5115740740740741 0.586574074074074 0.3421296296296296 0.24861111111111112
0 0.24675925925925926 0.9314814814814815 0.13148148148148148 0.13425925925925927
0 0.7578703703703704 0.5851851851851851 0.1 0.21388888888888888
0 0.30925925925925923 0.8064814814814815 0.07175925925925926 0.15925925925925927