0 0.7217592592592592 0.34675925925925927 0.225 0.27824074074074073
0 0.8944444444444445 0.6564814814814814 0.20787037037037037 0.14351851851851852
0 0.09907407407407408 0.887962962962963 0.19814814814814816 0.22037037037037038
0 0.19305555555555556 0.7453703703703703 0.1388888888888889 0.08148148148148149
0 0.5888888888888889 0.2712962962962963 0.1685185185185185 0.2263888888888889
0 0.06157407407407407 0.43194444444444446 0.12314814814814815 0.14537037037037037
0 0.2953703703703704 0.6263888888888889 0.20925925925925926 0.075
0 0.3819444444444444 0.7592592592592593 0.24212962962962964 0.1875
0 0.6444444444444445 0.6578703703703703 0.1361111111111111 0.25324074074074077
0 0.825925925925926 0.46574074074074073 0.3453703703703704 0.15324074074074073
0 0.43333333333333335 0.34120370370370373 0.15138888888888888 0.3300925925925926