0 0.7888888888888889 0.1625 0.34629629629629627 0.1814814814814815
0 0.6361111111111111 0.43657407407407406 0.1935185185185185 0.07962962962962963
0 0.12731481481481483 0.4625 0.2518518518518518 0.2064814814814815
0 0.4532407407407407 0.7601851851851852 0.14074074074074075 0.2074074074074074
0 0.5921296296296297 0.6773148148148148 0.21574074074074073 0.11388888888888889
0 0.6944444444444444 0.5259259259259259 0.32592592592592595 0.07962962962962963
0 0.32407407407407407 0.6305555555555555 0.2833333333333333 0.11666666666666667
0 0.3111111111111111 0.06712962962962964 0.26851851851851855 0.06296296296296296
0 0.3388888888888889 0.16342592592592592 0.15 0.06388888888888888
0 0.6421296296296296 0.5861111111111111 0.09074074074074075 0.03425925925925926
0 0.5467592592592593 0.05694444444444444 0.21296296296296297 0.1111111111111111
0 0.3337962962962963 0.5 0.19814814814814816 0.09074074074074075