0 0.7694444444444445 0.40324074074074073 0.2388888888888889 0.2064814814814815
0 0.9185185185185185 0.7703703703703704 0.16296296296296298 0.45925925925925926
0 0.7138888888888889 0.924074074074074 0.14074074074074075 0.15185185185185185
0 0.8740740740740741 0.04861111111111111 0.18611111111111112 0.09351851851851851
0 0.5282407407407408 0.6967592592592593 0.09444444444444444 0.21481481481481482
0 0.39490740740740743 0.9259259259259259 0.1361111111111111 0.14814814814814814
0 0.27685185185185185 0.6370370370370371 0.2111111111111111 0.17407407407407408
0 0.5092592592592593 0.18194444444444444 0.10555555555555556 0.06944444444444445
0 0.7083333333333334 0.7171296296296297 0.10185185185185185 0.0962962962962963
0 0.19907407407407407 0.9435185185185185 0.2638888888888889 0.11296296296296296
0 0.2967592592592593 0.45185185185185184 0.1 0.13148148148148148
0 0.4449074074074074 0.32175925925925924 0.09351851851851851 0.1175925925925926