0 0.8217592592592593 0.33425925925925926 0.3537037037037037 0.2462962962962963
0 0.65 0.9115740740740741 0.1537037037037037 0.12407407407407407
0 0.7532407407407408 0.5365740740740741 0.2 0.2388888888888889
0 0.4148148148148148 0.3685185185185185 0.17592592592592593 0.15
0 0.7819444444444444 0.7185185185185186 0.18611111111111112 0.16296296296296298
0 0.48842592592592593 0.5944444444444444 0.07962962962962963 0.1361111111111111
0 0.8717592592592592 0.5351851851851852 0.12777777777777777 0.1425925925925926
0 0.6263888888888889 0.48148148148148145 0.09351851851851851 0.2037037037037037
0 0.043055555555555555 0.9532407407407407 0.08611111111111111 0.09351851851851851
0 0.47962962962962963 0.2796296296296296 0.30925925925925923 0.3277777777777778
0 0.47638888888888886 0.6726851851851852 0.07222222222222222 0.10185185185185185
0 0.5578703703703703 0.4537037037037037 0.05648148148148148 0.08611111111111111