0 0.7648148148148148 0.35 0.22962962962962963 0.23425925925925925
0 0.28194444444444444 0.8384259259259259 0.10185185185185185 0.16666666666666666
0 0.43194444444444446 0.675 0.3638888888888889 0.14629629629629629
0 0.8032407407407407 0.7671296296296296 0.24351851851851852 0.2
0 0.7944444444444444 0.6319444444444444 0.08611111111111111 0.12037037037037036
0 0.8935185185185185 0.9078703703703703 0.21296296296296297 0.11574074074074074
0 0.1162037037037037 0.7875 0.1111111111111111 0.05
0 0.09212962962962963 0.9407407407407408 0.1814814814814815 0.11851851851851852
0 0.9444444444444444 0.5342592592592592 0.1111111111111111 0.13148148148148148
0 0.08842592592592592 0.6398148148148148 0.08611111111111111 0.07407407407407407
0 0.9462962962962963 0.33564814814814814 0.10740740740740741 0.04537037037037037
0 0.12268518518518519 0.8486111111111111 0.21388888888888888 0.12222222222222222
0 0.6513888888888889 0.55 0.12777777777777777 0.053703703703703705