0 0.46620370370370373 0.7162037037037037 0.1361111111111111 0.41388888888888886
0 0.8240740740740741 0.225 0.16111111111111112 0.14074074074074075
0 0.6907407407407408 0.4101851851851852 0.14629629629629629 0.26666666666666666
0 0.4759259259259259 0.2763888888888889 0.09259259259259259 0.11574074074074074
0 0.4287037037037037 0.09907407407407408 0.09537037037037037 0.10462962962962963
0 0.3921296296296296 0.8888888888888888 0.053703703703703705 0.2222222222222222
0 0.7296296296296296 0.1111111111111111 0.05648148148148148 0.17777777777777778
0 0.29074074074074074 0.2953703703703704 0.14074074074074075 0.10925925925925926
0 0.06388888888888888 0.6842592592592592 0.12777777777777777 0.08888888888888889
0 0.16157407407407406 0.5703703703703704 0.1259259259259259 0.1037037037037037
0 0.5805555555555556 0.4532407407407407 0.16666666666666666 0.1037037037037037
0 0.6412037037037037 0.16574074074074074 0.05462962962962963 0.125
0 0.5763888888888888 0.225 0.06296296296296296 0.09351851851851851
0 0.4134259259259259 0.4212962962962963 0.16111111111111112 0.09259259259259259
0 0.32407407407407407 0.19907407407407407 0.23333333333333334 0.3574074074074074
0 0.15648148148148147 0.17037037037037037 0.1037037037037037 0.2