0 0.44074074074074077 0.1865740740740741 0.325 0.2111111111111111
0 0.20879629629629629 0.2796296296296296 0.20462962962962963 0.1625
0 0.5023148148148148 0.7453703703703703 0.19212962962962962 0.1625
0 0.06342592592592593 0.7912037037037037 0.12638888888888888 0.23287037037037037
0 0.5787037037037037 0.6328703703703704 0.17037037037037037 0.075
0 0.13425925925925927 0.4236111111111111 0.22824074074074074 0.10925925925925926
0 0.44907407407407407 0.3625 0.20787037037037037 0.1125
0 0.8203703703703704 0.9365740740740741 0.2375 0.12361111111111112
0 0.6805555555555556 0.1638888888888889 0.15138888888888888 0.09675925925925925
0 0.6703703703703704 0.3611111111111111 0.15324074074074073 0.10324074074074074
0 0.40324074074074073 0.6898148148148148 0.125 0.1111111111111111
0 0.18564814814814815 0.7222222222222222 0.125 0.12777777777777777
0 0.09722222222222222 0.6101851851851852 0.13055555555555556 0.08657407407407407