0 0.5328703703703703 0.5615740740740741 0.1787037037037037 0.14444444444444443
0 0.6175925925925926 0.3773148148148148 0.08796296296296297 0.09953703703703703
0 0.7546296296296297 0.37175925925925923 0.12314814814814815 0.16203703703703703
0 0.7337962962962963 0.8069444444444445 0.09305555555555556 0.16018518518518518
0 0.7675925925925926 0.6555555555555556 0.09305555555555556 0.1814814814814815
0 0.15324074074074073 0.663425925925926 0.10092592592592593 0.2162037037037037
0 0.6365740740740741 0.9263888888888889 0.11296296296296296 0.05324074074074074
0 0.8412037037037037 0.24166666666666667 0.20462962962962963 0.10462962962962963
0 0.8027777777777778 0.9675925925925926 0.16111111111111112 0.06481481481481481
0 0.43472222222222223 0.9453703703703704 0.13148148148148148 0.10416666666666667
0 0.025 0.14675925925925926 0.05 0.15
0 0.6569444444444444 0.5268518518518519 0.0712962962962963 0.047685185185185185
0 0.9435185185185185 0.6162037037037037 0.10277777777777777 0.08055555555555556
0 0.9259259259259259 0.5458333333333333 0.14629629629629629 0.08564814814814815
0 0.2518518518518518 0.6847222222222222 0.07083333333333333 0.07222222222222222
0 0.12638888888888888 0.43148148148148147 0.09166666666666666 0.10324074074074074
0 0.45925925925925926 0.7439814814814815 0.14675925925925926 0.05555555555555555
0 0.3 0.4152777777777778 0.10694444444444444 0.08796296296296297
0 0.45694444444444443 0.046296296296296294 0.12685185185185185 0.09212962962962963
0 0.1884259259259259 0.30462962962962964 0.1337962962962963 0.12777777777777777
0 0.8291666666666667 0.1388888888888889 0.06481481481481481 0.11157407407407408
0 0.22916666666666666 0.11203703703703703 0.05416666666666667 0.12314814814814815
0 0.8347222222222223 0.6013888888888889 0.0587962962962963 0.06342592592592593