0 0.3638888888888889 0.26666666666666666 0.23472222222222222 0.2824074074074074
0 0.5916666666666667 0.5388888888888889 0.11157407407407408 0.06111111111111111
0 0.15 0.2537037037037037 0.22824074074074074 0.17175925925925925
0 0.24675925925925926 0.6097222222222223 0.19907407407407407 0.1162037037037037
0 0.42824074074074076 0.6523148148148148 0.14351851851851852 0.1439814814814815
0 0.2625 0.49166666666666664 0.24814814814814815 0.13564814814814816
0 0.5180555555555556 0.4648148148148148 0.17407407407407408 0.09027777777777778
0 0.5643518518518519 0.21481481481481482 0.13055555555555556 0.056018518518518516
0 0.4148148148148148 0.5018518518518519 0.07546296296296297 0.049074074074074076
0 0.6583333333333333 0.021296296296296296 0.14953703703703702 0.041666666666666664
0 0.7837962962962963 0.13194444444444445 0.12083333333333333 0.11990740740740741
0 0.8824074074074074 0.8958333333333334 0.23472222222222222 0.06712962962962964