0 0.325 0.7407407407407407 0.36574074074074076 0.425
0 0.5888888888888889 0.6546296296296297 0.15925925925925927 0.26296296296296295
0 0.8740740740740741 0.6069444444444444 0.2518518518518518 0.3425925925925926
0 0.9148148148148149 0.14351851851851852 0.17037037037037037 0.18425925925925926
0 0.5287037037037037 0.11157407407407408 0.07037037037037037 0.17592592592592593
0 0.46944444444444444 0.27037037037037037 0.12037037037037036 0.10648148148148148
0 0.41388888888888886 0.16944444444444445 0.125 0.12037037037037036
0 0.42407407407407405 0.49212962962962964 0.2074074074074074 0.11296296296296296
0 0.6064814814814815 0.4625 0.05925925925925926 0.08425925925925926
0 0.5990740740740741 0.9365740740740741 0.06388888888888888 0.1259259259259259
0 0.7763888888888889 0.4759259259259259 0.1962962962962963 0.11388888888888889
0 0.6638888888888889 0.25787037037037036 0.17777777777777778 0.2962962962962963
0 0.9337962962962963 0.40879629629629627 0.13240740740740742 0.09537037037037037
0 0.5680555555555555 0.3148148148148148 0.08611111111111111 0.20462962962962963
0 0.8930555555555556 0.7962962962962963 0.09537037037037037 0.11388888888888889
0 0.9365740740740741 0.03657407407407407 0.1259259259259259 0.07037037037037037
0 0.7162037037037037 0.6462962962962963 0.09537037037037037 0.19814814814814816