0 0.21203703703703702 0.20601851851851852 0.2101851851851852 0.17222222222222222
0 0.39814814814814814 0.1449074074074074 0.09722222222222222 0.13148148148148148
0 0.7851851851851852 0.13148148148148148 0.13148148148148148 0.1037037037037037
0 0.9412037037037037 0.3597222222222222 0.1175925925925926 0.08611111111111111
0 0.7828703703703703 0.48703703703703705 0.10740740740740741 0.06296296296296296
0 0.8916666666666667 0.8592592592592593 0.08703703703703704 0.11018518518518519
0 0.6370370370370371 0.538425925925926 0.17962962962962964 0.17314814814814813
0 0.6546296296296297 0.4310185185185185 0.1537037037037037 0.06481481481481481
0 0.9319444444444445 0.08796296296296297 0.12962962962962962 0.07222222222222222
0 0.8055555555555556 0.2773148148148148 0.08518518518518518 0.053703703703703705
0 0.08518518518518518 0.36435185185185187 0.15 0.14722222222222223
0 0.7578703703703704 0.9314814814814815 0.14074074074074075 0.1287037037037037
0 0.5777777777777777 0.16435185185185186 0.13518518518518519 0.08888888888888889
0 0.8592592592592593 0.5370370370370371 0.26666666666666666 0.14537037037037037
0 0.36435185185185187 0.4888888888888889 0.06666666666666667 0.10833333333333334
0 0.700925925925926 0.7337962962962963 0.19814814814814816 0.12314814814814815