0 0.6481481481481481 0.5259259259259259 0.08333333333333333 0.10277777777777777
0 0.3972222222222222 0.15231481481481482 0.09722222222222222 0.08703703703703704
0 0.5291666666666667 0.10138888888888889 0.1537037037037037 0.05
0 0.1162037037037037 0.3972222222222222 0.15555555555555556 0.05925925925925926
0 0.9638888888888889 0.7726851851851851 0.06666666666666667 0.08148148148148149
0 0.5175925925925926 0.4675925925925926 0.08055555555555556 0.09907407407407408
0 0.32314814814814813 0.4060185185185185 0.08888888888888889 0.12222222222222222
0 0.7319444444444444 0.8379629629629629 0.16296296296296298 0.08703703703703704
0 0.9597222222222223 0.6134259259259259 0.07962962962962963 0.062037037037037036
0 0.09675925925925925 0.5055555555555555 0.08148148148148149 0.05740740740740741
0 0.08148148148148149 0.2388888888888889 0.1037037037037037 0.07222222222222222
0 0.22037037037037038 0.1763888888888889 0.10925925925925926 0.05740740740740741
0 0.47129629629629627 0.8694444444444445 0.07777777777777778 0.08055555555555556
0 0.6189814814814815 0.38425925925925924 0.07407407407407407 0.05740740740740741
0 0.9736111111111111 0.9236111111111112 0.05277777777777778 0.07037037037037037
0 0.03657407407407407 0.8444444444444444 0.07222222222222222 0.06481481481481481
0 0.010185185185185186 0.6916666666666667 0.018518518518518517 0.07222222222222222
0 0.04490740740740741 0.6828703703703703 0.07037037037037037 0.06666666666666667
0 0.3685185185185185 0.6162037037037037 0.09814814814814815 0.07685185185185185
0 0.10185185185185185 0.027314814814814816 0.0962962962962963 0.053703703703703705
0 0.27546296296296297 0.11435185185185186 0.13518518518518519 0.037037037037037035
0 0.2111111111111111 0.6791666666666667 0.06666666666666667 0.07222222222222222
0 0.10185185185185185 0.13425925925925927 0.09259259259259259 0.04722222222222222