0 0.46944444444444444 0.7162037037037037 0.32407407407407407 0.17407407407407408
0 0.5657407407407408 0.4486111111111111 0.3 0.16574074074074074
0 0.2967592592592593 0.5615740740740741 0.2935185185185185 0.18333333333333332
0 0.9064814814814814 0.06851851851851852 0.18333333333333332 0.13703703703703704
0 0.9337962962962963 0.8976851851851851 0.12962962962962962 0.20185185185185187
0 0.4486111111111111 0.15694444444444444 0.21296296296296297 0.28888888888888886
0 0.26481481481481484 0.24768518518518517 0.17592592592592593 0.10740740740740741
0 0.9046296296296297 0.3023148148148148 0.1537037037037037 0.1111111111111111
0 0.053703703703703705 0.5708333333333333 0.10740740740740741 0.11388888888888889
0 0.06388888888888888 0.48842592592592593 0.12777777777777777 0.06388888888888888
0 0.7282407407407407 0.4759259259259259 0.10648148148148148 0.24537037037037038
0 0.8773148148148148 0.7203703703703703 0.20462962962962963 0.21296296296296297
0 0.0412037037037037 0.8712962962962963 0.0824074074074074 0.14629629629629629