0 0.9537037037037037 0.1814814814814815 0.08888888888888889 0.08425925925925926
0 0.1037037037037037 0.1638888888888889 0.12361111111111112 0.1125
0 0.35648148148148145 0.8898148148148148 0.41574074074074074 0.15787037037037038
0 0.4703703703703704 0.025925925925925925 0.14675925925925926 0.05185185185185185
0 0.24675925925925926 0.08842592592592592 0.1962962962962963 0.09814814814814815
0 0.48194444444444445 0.16435185185185186 0.11990740740740741 0.07777777777777778
0 0.6449074074074074 0.27824074074074073 0.21898148148148147 0.11851851851851852
0 0.8805555555555555 0.5532407407407407 0.07268518518518519 0.10972222222222222
0 0.8810185185185185 0.8162037037037037 0.10925925925925926 0.10833333333333334
0 0.5111111111111111 0.6828703703703703 0.0837962962962963 0.1537037037037037
0 0.2351851851851852 0.5902777777777778 0.09814814814814815 0.10138888888888889
0 0.2851851851851852 0.4981481481481482 0.08888888888888889 0.10462962962962963
0 0.3958333333333333 0.42592592592592593 0.12314814814814815 0.05462962962962963
0 0.26064814814814813 0.35324074074074074 0.13425925925925927 0.14722222222222223
0 0.14722222222222223 0.7416666666666667 0.10555555555555556 0.12314814814814815
0 0.7615740740740741 0.912962962962963 0.07314814814814814 0.08703703703703704
0 0.674074074074074 0.9587962962962963 0.08564814814814815 0.06111111111111111
0 0.06944444444444445 0.24305555555555555 0.1388888888888889 0.12361111111111112
0 0.08611111111111111 0.3990740740740741 0.17175925925925925 0.07962962962962963
0 0.49398148148148147 0.4273148148148148 0.0787037037037037 0.13287037037037036