0 0.4013888888888889 0.10555555555555556 0.2037037037037037 0.19537037037037036
0 0.5837962962962963 0.4273148148148148 0.15462962962962962 0.14537037037037037
0 0.7615740740740741 0.6180555555555556 0.11666666666666667 0.1925925925925926
0 0.7462962962962963 0.825925925925926 0.08888888888888889 0.15185185185185185
0 0.9185185185185185 0.6314814814814815 0.15925925925925927 0.08148148148148149
0 0.8986111111111111 0.11851851851851852 0.2 0.12777777777777777
0 0.15462962962962962 0.3648148148148148 0.26296296296296295 0.10462962962962963
0 0.4703703703703704 0.4546296296296296 0.09074074074074075 0.19074074074074074
0 0.5476851851851852 0.15555555555555556 0.05740740740740741 0.1388888888888889
0 0.2263888888888889 0.8638888888888889 0.13425925925925927 0.11574074074074074
0 0.21342592592592594 0.5162037037037037 0.29814814814814816 0.1685185185185185
0 0.3611111111111111 0.7791666666666667 0.06111111111111111 0.10833333333333334