0 0.26944444444444443 0.26944444444444443 0.20185185185185187 0.17962962962962964
0 0.3013888888888889 0.7037037037037037 0.14629629629629629 0.1925925925925926
0 0.6407407407407407 0.6476851851851851 0.11574074074074074 0.19537037037037036
0 0.3263888888888889 0.9282407407407407 0.15925925925925927 0.14074074074074075
0 0.4203703703703704 0.5986111111111111 0.12222222222222222 0.11296296296296296
0 0.5740740740740741 0.09768518518518518 0.09814814814814815 0.19537037037037036
0 0.10138888888888889 0.6921296296296297 0.075 0.13796296296296295
0 0.7467592592592592 0.7342592592592593 0.125 0.24351851851851852
0 0.14907407407407408 0.47824074074074074 0.29814814814814816 0.20833333333333334
0 0.46805555555555556 0.8810185185185185 0.1111111111111111 0.17222222222222222
0 0.475462962962963 0.32314814814814813 0.13333333333333333 0.275
0 0.6157407407407407 0.9541666666666667 0.11296296296296296 0.09166666666666666
0 0.32037037037037036 0.14351851851851852 0.12407407407407407 0.1537037037037037