0 0.6787037037037037 0.7032407407407407 0.14814814814814814 0.23703703703703705
0 0.5578703703703703 0.850925925925926 0.10648148148148148 0.29259259259259257
0 0.8962962962962963 0.6148148148148148 0.20462962962962963 0.13333333333333333
0 0.9513888888888888 0.11388888888888889 0.09351851851851851 0.21296296296296297
0 0.7375 0.5388888888888889 0.1814814814814815 0.15648148148148147
0 0.9634259259259259 0.8101851851851852 0.07037037037037037 0.20462962962962963
0 0.5819444444444445 0.6032407407407407 0.11388888888888889 0.11296296296296296
0 0.350462962962963 0.5578703703703703 0.11851851851851852 0.13703703703703704
0 0.10694444444444444 0.8962962962962963 0.21388888888888888 0.11296296296296296
0 0.23935185185185184 0.587037037037037 0.1 0.20462962962962963
0 0.7685185185185185 0.2796296296296296 0.46296296296296297 0.20185185185185187