0 0.6347222222222222 0.888425925925926 0.09814814814814815 0.22314814814814815
0 0.9361111111111111 0.7671296296296296 0.12222222222222222 0.175
0 0.16666666666666666 0.4041666666666667 0.10555555555555556 0.24814814814814815
0 0.6453703703703704 0.30694444444444446 0.09444444444444444 0.21944444444444444
0 0.8625 0.8486111111111111 0.14814814814814814 0.2740740740740741
0 0.7625 0.8819444444444444 0.08703703703703704 0.2361111111111111
0 0.7601851851851852 0.586574074074074 0.19444444444444445 0.09074074074074075
0 0.46435185185185185 0.9101851851851852 0.08611111111111111 0.06851851851851852
0 0.09490740740740741 0.24583333333333332 0.10740740740740741 0.25833333333333336
0 0.5884259259259259 0.5305555555555556 0.062037037037037036 0.1259259259259259
0 0.5587962962962963 0.8310185185185185 0.06666666666666667 0.08888888888888889
0 0.20972222222222223 0.07453703703703704 0.10925925925925926 0.1259259259259259
0 0.05462962962962963 0.8532407407407407 0.10740740740740741 0.18055555555555555
0 0.6324074074074074 0.046296296296296294 0.11296296296296296 0.08333333333333333
0 0.3055555555555556 0.6481481481481481 0.11851851851851852 0.16944444444444445
0 0.9782407407407407 0.4671296296296296 0.04259259259259259 0.1648148148148148
0 0.0912037037037037 0.6180555555555556 0.1 0.10648148148148148
0 0.4625 0.41805555555555557 0.05740740740740741 0.1537037037037037
0 0.28194444444444444 0.8976851851851851 0.05555555555555555 0.18333333333333332
0 0.3773148148148148 0.3472222222222222 0.12407407407407407 0.046296296296296294
0 0.8810185185185185 0.5833333333333334 0.1111111111111111 0.11666666666666667
0 0.825 0.3726851851851852 0.062037037037037036 0.2462962962962963