0 0.8694444444444445 0.9101851851851852 0.2574074074074074 0.17592592592592593
0 0.08425925925925926 0.4101851851851852 0.07777777777777778 0.15185185185185185
0 0.06342592592592593 0.18194444444444444 0.12407407407407407 0.11666666666666667
0 0.12268518518518519 0.6555555555555556 0.14814814814814814 0.07962962962962963
0 0.7888888888888889 0.7361111111111112 0.30648148148148147 0.15648148148148147
0 0.06712962962962964 0.9009259259259259 0.13425925925925927 0.08333333333333333
0 0.22592592592592592 0.6875 0.12037037037037036 0.08148148148148149
0 0.225 0.3148148148148148 0.14629629629629629 0.05462962962962963
0 0.2023148148148148 0.18981481481481483 0.15185185185185185 0.07592592592592592
0 0.20879629629629629 0.7907407407407407 0.11388888888888889 0.0962962962962963
0 0.4935185185185185 0.47453703703703703 0.18518518518518517 0.22962962962962963