0 0.8185185185185185 0.046296296296296294 0.08425925925925926 0.08888888888888889
0 0.8361111111111111 0.8962962962962963 0.11296296296296296 0.12407407407407407
0 0.11018518518518519 0.6435185185185185 0.1574074074074074 0.41574074074074074
0 0.9740740740740741 0.5296296296296297 0.05185185185185185 0.14629629629629629
0 0.9115740740740741 0.7532407407407408 0.09814814814814815 0.1962962962962963
0 0.8356481481481481 0.5180555555555556 0.07777777777777778 0.12037037037037036
0 0.7217592592592592 0.35509259259259257 0.11851851851851852 0.21851851851851853
0 0.44675925925925924 0.11944444444444445 0.10925925925925926 0.07222222222222222
0 0.1837962962962963 0.11898148148148148 0.10833333333333334 0.10925925925925926
0 0.31712962962962965 0.4888888888888889 0.1537037037037037 0.08333333333333333
0 0.4097222222222222 0.7648148148148148 0.10185185185185185 0.09814814814814815
0 0.5018518518518519 0.7148148148148148 0.10462962962962963 0.08888888888888889
0 0.5740740740740741 0.6041666666666666 0.05462962962962963 0.12314814814814815
0 0.6467592592592593 0.7393518518518518 0.14722222222222223 0.13425925925925927
0 0.25833333333333336 0.8527777777777777 0.12314814814814815 0.10555555555555556
0 0.08703703703703704 0.23842592592592593 0.08703703703703704 0.07314814814814814
0 0.0412037037037037 0.32592592592592595 0.06111111111111111 0.08518518518518518
0 0.7569444444444444 0.9305555555555556 0.12407407407407407 0.1388888888888889
0 0.600925925925926 0.9138888888888889 0.07962962962962963 0.17222222222222222
0 0.5726851851851852 0.5060185185185185 0.13333333333333333 0.0787037037037037