0 0.7532407407407408 0.2953703703703704 0.225 0.11296296296296296
0 0.18287037037037038 0.55 0.18425925925925926 0.1
0 0.5717592592592593 0.6611111111111111 0.16296296296296298 0.1962962962962963
0 0.0912037037037037 0.7486111111111111 0.1824074074074074 0.11388888888888889
0 0.6365740740740741 0.16111111111111112 0.22037037037037038 0.10925925925925926
0 0.8467592592592592 0.7037037037037037 0.21851851851851853 0.08611111111111111
0 0.9564814814814815 0.55 0.08425925925925926 0.13796296296296295
0 0.6421296296296296 0.8023148148148148 0.24074074074074073 0.1425925925925926
0 0.4134259259259259 0.22870370370370371 0.2518518518518518 0.09814814814814815
0 0.9162037037037037 0.049074074074074076 0.1638888888888889 0.09259259259259259
0 0.8907407407407407 0.37592592592592594 0.21574074074074073 0.09814814814814815
0 0.06157407407407407 0.9046296296296297 0.12314814814814815 0.11481481481481481
0 0.12037037037037036 0.05787037037037037 0.24074074074074073 0.10277777777777777
0 0.5398148148148149 0.05694444444444444 0.14814814814814814 0.11388888888888889
0 0.5861111111111111 0.48055555555555557 0.15925925925925927 0.06666666666666667