0 0.28379629629629627 0.46620370370370373 0.41388888888888886 0.1361111111111111
0 0.775 0.8240740740740741 0.14074074074074075 0.16111111111111112
0 0.5898148148148148 0.6907407407407408 0.2671296296296296 0.14675925925925926
0 0.7236111111111111 0.4759259259259259 0.11574074074074074 0.09212962962962963
0 0.9009259259259259 0.4287037037037037 0.10462962962962963 0.09537037037037037
0 0.1111111111111111 0.3921296296296296 0.22175925925925927 0.05324074074074074
0 0.8888888888888888 0.7296296296296296 0.17824074074074073 0.05648148148148148
0 0.7046296296296296 0.29074074074074074 0.10925925925925926 0.14074074074074075
0 0.31574074074074077 0.06388888888888888 0.08888888888888889 0.12777777777777777
0 0.42962962962962964 0.16157407407407406 0.10324074074074074 0.12638888888888888
0 0.5467592592592593 0.5805555555555556 0.10324074074074074 0.16712962962962963
0 0.8342592592592593 0.6412037037037037 0.125 0.05462962962962963
0 0.775 0.5763888888888888 0.09351851851851851 0.0625
0 0.5787037037037037 0.4134259259259259 0.09212962962962963 0.16111111111111112
0 0.8009259259259259 0.32407407407407407 0.3578703703703704 0.23287037037037037
0 0.8296296296296296 0.15648148148148147 0.2 0.10324074074074074