0 0.1875 0.8375 0.28425925925925927 0.32222222222222224
0 0.9171296296296296 0.5365740740740741 0.16574074074074074 0.2675925925925926
0 0.5092592592592593 0.4726851851851852 0.15925925925925927 0.32407407407407407
0 0.6319444444444444 0.0763888888888889 0.19537037037037036 0.12777777777777777
0 0.2763888888888889 0.07824074074074074 0.07777777777777778 0.15648148148148147
0 0.5694444444444444 0.8805555555555555 0.16111111111111112 0.2361111111111111
0 0.1111111111111111 0.2523148148148148 0.11296296296296296 0.17037037037037037
0 0.7157407407407408 0.8638888888888889 0.1037037037037037 0.1962962962962963
0 0.6513888888888889 0.5486111111111112 0.14351851851851852 0.18425925925925926
0 0.7296296296296296 0.5976851851851852 0.0962962962962963 0.15462962962962962
0 0.3287037037037037 0.6138888888888889 0.11388888888888889 0.1537037037037037
0 0.26481481481481484 0.3875 0.10462962962962963 0.08425925925925926
0 0.07407407407407407 0.5212962962962963 0.14537037037037037 0.09537037037037037
0 0.14629629629629629 0.6134259259259259 0.1361111111111111 0.1361111111111111
0 0.6069444444444444 0.32592592592592595 0.18888888888888888 0.12962962962962962
0 0.8662037037037037 0.1736111111111111 0.12407407407407407 0.06574074074074074
0 0.8513888888888889 0.06851851851851852 0.11388888888888889 0.13703703703703704
0 0.052314814814814814 0.4273148148148148 0.10185185185185185 0.10740740740740741
0 0.5009259259259259 0.49907407407407406 0.9981481481481481 0.9981481481481481
0 0.14675925925925926 0.1935185185185185 0.09074074074074075 0.18703703703703703
0 0.46620370370370373 0.2759259259259259 0.07037037037037037 0.04814814814814815
0 0.6759259259259259 0.2023148148148148 0.12407407407407407 0.06388888888888888