0 0.7203703703703703 0.6236111111111111 0.23425925925925925 0.24675925925925926
0 0.39305555555555555 0.7486111111111111 0.4361111111111111 0.15925925925925927
0 0.4828703703703704 0.3962962962962963 0.6157407407407407 0.18611111111111112
0 0.43287037037037035 0.10787037037037037 0.19074074074074074 0.15925925925925927
0 0.4375 0.5462962962962963 0.3 0.16712962962962963
0 0.09074074074074075 0.06342592592592593 0.1814814814814815 0.06388888888888888
0 0.7898148148148149 0.7944444444444444 0.1486111111111111 0.09212962962962963
0 0.049074074074074076 0.9254629629629629 0.09814814814814815 0.14537037037037037
0 0.6217592592592592 0.861574074074074 0.1125 0.12361111111111112
0 0.10555555555555556 0.775 0.2111111111111111 0.08425925925925926
0 0.3726851851851852 0.24351851851851852 0.12962962962962962 0.13148148148148148
0 0.07824074074074074 0.586574074074074 0.15648148148148147 0.2671296296296296
0 0.0587962962962963 0.26851851851851855 0.11712962962962963 0.225
0 0.05092592592592592 0.1587962962962963 0.10138888888888889 0.11388888888888889