0 0.4828703703703704 0.2412037037037037 0.07824074074074074 0.3388888888888889
0 0.5712962962962963 0.3101851851851852 0.08611111111111111 0.1986111111111111
0 0.32407407407407407 0.3282407407407407 0.1111111111111111 0.23425925925925925
0 0.35555555555555557 0.6055555555555555 0.12962962962962962 0.2763888888888889
0 0.9407407407407408 0.6611111111111111 0.05925925925925926 0.27824074074074073
0 0.22592592592592592 0.45555555555555555 0.22962962962962963 0.12962962962962962
0 0.9476851851851852 0.4361111111111111 0.10138888888888889 0.2
0 0.2412037037037037 0.9430555555555555 0.10787037037037037 0.1111111111111111
0 0.6953703703703704 0.2462962962962963 0.14351851851851852 0.1111111111111111
0 0.8578703703703704 0.16111111111111112 0.1814814814814815 0.32175925925925924
0 0.5361111111111111 0.799074074074074 0.2064814814814815 0.2953703703703704