0 0.675 0.25925925925925924 0.36574074074074076 0.425
0 0.4111111111111111 0.3453703703703704 0.15925925925925927 0.26296296296296295
0 0.1259259259259259 0.39305555555555555 0.2518518518518518 0.3425925925925926
0 0.08518518518518518 0.8564814814814815 0.17037037037037037 0.18425925925925926
0 0.47129629629629627 0.888425925925926 0.07037037037037037 0.17592592592592593
0 0.5305555555555556 0.7296296296296296 0.12037037037037036 0.10648148148148148
0 0.5861111111111111 0.8305555555555556 0.125 0.12037037037037036
0 0.575925925925926 0.5078703703703704 0.2074074074074074 0.11296296296296296
0 0.39351851851851855 0.5375 0.05925925925925926 0.08425925925925926
0 0.4009259259259259 0.06342592592592593 0.06388888888888888 0.1259259259259259
0 0.22361111111111112 0.524074074074074 0.1962962962962963 0.11388888888888889
0 0.33611111111111114 0.7421296296296296 0.17777777777777778 0.2962962962962963
0 0.06620370370370371 0.5912037037037037 0.13240740740740742 0.09537037037037037
0 0.43194444444444446 0.6851851851851852 0.08611111111111111 0.20462962962962963
0 0.10694444444444444 0.2037037037037037 0.09537037037037037 0.11388888888888889
0 0.06342592592592593 0.9634259259259259 0.1259259259259259 0.07037037037037037
0 0.28379629629629627 0.3537037037037037 0.09537037037037037 0.19814814814814816