0 0.1865740740740741 0.44074074074074077 0.2111111111111111 0.325
0 0.2796296296296296 0.20879629629629629 0.16296296296296298 0.20462962962962963
0 0.7453703703703703 0.5023148148148148 0.16296296296296298 0.1925925925925926
0 0.7912037037037037 0.06342592592592593 0.23333333333333334 0.1259259259259259
0 0.6328703703703704 0.5787037037037037 0.075 0.17037037037037037
0 0.4236111111111111 0.13425925925925927 0.10925925925925926 0.22777777777777777
0 0.3625 0.44907407407407407 0.11296296296296296 0.2074074074074074
0 0.9365740740740741 0.8203703703703704 0.12407407407407407 0.23703703703703705
0 0.1638888888888889 0.6805555555555556 0.0962962962962963 0.15185185185185185
0 0.3611111111111111 0.6703703703703704 0.1037037037037037 0.1537037037037037
0 0.6898148148148148 0.40324074074074073 0.1111111111111111 0.125
0 0.7222222222222222 0.18564814814814815 0.12777777777777777 0.125
0 0.6101851851851852 0.09722222222222222 0.08703703703703704 0.13055555555555556