0 0.225 0.6421296296296296 0.12222222222222222 0.23703703703703705
0 0.48148148148148145 0.5287037037037037 0.29074074074074074 0.2759259259259259
0 0.7467592592592592 0.4 0.15648148148148147 0.2935185185185185
0 0.8194444444444444 0.6342592592592593 0.1425925925925926 0.15925925925925927
0 0.30092592592592593 0.1412037037037037 0.2638888888888889 0.11666666666666667
0 0.3162037037037037 0.3592592592592593 0.16111111111111112 0.23425925925925925
0 0.8861111111111111 0.23055555555555557 0.1037037037037037 0.1574074074074074
0 0.8444444444444444 0.5625 0.1361111111111111 0.11574074074074074
0 0.5648148148148148 0.8814814814814815 0.10740740740740741 0.15648148148148147
0 0.8388888888888889 0.06944444444444445 0.11851851851851852 0.11388888888888889
0 0.09583333333333334 0.3402777777777778 0.08888888888888889 0.20185185185185187