0 0.5666666666666667 0.35833333333333334 0.18564814814814815 0.1638888888888889
0 0.7388888888888889 0.5087962962962963 0.17314814814814813 0.1763888888888889
0 0.8449074074074074 0.7986111111111112 0.11990740740740741 0.1912037037037037
0 0.37592592592592594 0.4527777777777778 0.15833333333333333 0.0912037037037037
0 0.13472222222222222 0.31342592592592594 0.11527777777777778 0.21064814814814814
0 0.5166666666666667 0.02962962962962963 0.17777777777777778 0.0587962962962963
0 0.43148148148148147 0.21805555555555556 0.18564814814814815 0.06851851851851852
0 0.09675925925925925 0.8962962962962963 0.1935185185185185 0.2074074074074074
0 0.4393518518518518 0.6597222222222222 0.23981481481481481 0.09537037037037037
0 0.9254629629629629 0.43425925925925923 0.13935185185185187 0.0912037037037037
0 0.3824074074074074 0.986574074074074 0.15462962962962962 0.026851851851851852
0 0.46805555555555556 0.8425925925925926 0.21296296296296297 0.10601851851851851