0 0.6435185185185185 0.5712962962962963 0.6592592592592592 0.3425925925925926
0 0.2884259259259259 0.7912037037037037 0.22037037037037038 0.08888888888888889
0 0.46574074074074073 0.3398148148148148 0.17777777777777778 0.08333333333333333
0 0.1037037037037037 0.9041666666666667 0.2074074074074074 0.18796296296296297
0 0.1087962962962963 0.625 0.1638888888888889 0.15
0 0.8662037037037037 0.31342592592592594 0.10185185185185185 0.13333333333333333
0 0.6615740740740741 0.23287037037037037 0.4361111111111111 0.2462962962962963
0 0.32175925925925924 0.6388888888888888 0.18703703703703703 0.09074074074074075
0 0.1125 0.5180555555555556 0.225 0.18333333333333332
0 0.06342592592592593 0.7962962962962963 0.1259259259259259 0.09814814814814815
0 0.48842592592592593 0.4986111111111111 0.975925925925926 0.9962962962962963