0 0.1986111111111111 0.32314814814814813 0.13703703703703704 0.18611111111111112
0 0.18009259259259258 0.1625 0.10925925925925926 0.1388888888888889
0 0.5523148148148148 0.9097222222222222 0.15555555555555556 0.1712962962962963
0 0.35138888888888886 0.08425925925925926 0.10648148148148148 0.1685185185185185
0 0.8597222222222223 0.09259259259259259 0.11481481481481481 0.14629629629629629
0 0.9310185185185185 0.36203703703703705 0.1287037037037037 0.12962962962962962
0 0.7087962962962963 0.33287037037037037 0.12314814814814815 0.07962962962962963
0 0.5268518518518519 0.5231481481481481 0.08703703703703704 0.21481481481481482
0 0.15555555555555556 0.0375 0.10092592592592593 0.07407407407407407
0 0.34814814814814815 0.29074074074074074 0.06018518518518518 0.21851851851851853
0 0.6550925925925926 0.8712962962962963 0.07037037037037037 0.2537037037037037
0 0.052314814814814814 0.8625 0.1 0.2712962962962963
0 0.5416666666666666 0.1087962962962963 0.13518518518518519 0.10185185185185185
0 0.31712962962962965 0.6134259259259259 0.09074074074074075 0.17592592592592593
0 0.975 0.22407407407407406 0.04814814814814815 0.14166666666666666
0 0.8787037037037037 0.27361111111111114 0.10833333333333334 0.09722222222222222
0 0.12314814814814815 0.4759259259259259 0.07222222222222222 0.09259259259259259
0 0.6458333333333334 0.5083333333333333 0.07592592592592592 0.06666666666666667
0 0.9597222222222223 0.9231481481481482 0.08055555555555556 0.1425925925925926
0 0.6083333333333333 0.36898148148148147 0.06481481481481481 0.05555555555555555