0 0.6851851851851852 0.22175925925925927 0.2518518518518518 0.1935185185185185
0 0.7013888888888888 0.04861111111111111 0.21851851851851853 0.09351851851851851
0 0.4185185185185185 0.18611111111111112 0.21574074074074073 0.11574074074074074
0 0.4375 0.04351851851851852 0.1537037037037037 0.08425925925925926
0 0.4898148148148148 0.5662037037037037 0.20462962962962963 0.37407407407407406
0 0.7828703703703703 0.7111111111111111 0.10925925925925926 0.11574074074074074
0 0.9490740740740741 0.5203703703703704 0.09537037037037037 0.13148148148148148
0 0.3578703703703704 0.8532407407407407 0.1685185185185185 0.15648148148148147
0 0.9055555555555556 0.8740740740740741 0.06481481481481481 0.11388888888888889
0 0.9550925925925926 0.7587962962962963 0.06574074074074074 0.09907407407407408
0 0.65 0.9018518518518519 0.1 0.075