0 0.5842592592592593 0.537962962962963 0.1361111111111111 0.11851851851851852
0 0.4703703703703704 0.3523148148148148 0.2351851851851852 0.16296296296296298
0 0.8398148148148148 0.2657407407407407 0.07592592592592592 0.11481481481481481
0 0.20277777777777778 0.20185185185185187 0.08148148148148149 0.07037037037037037
0 0.7958333333333333 0.8851851851851852 0.12222222222222222 0.1388888888888889
0 0.9120370370370371 0.4152777777777778 0.17592592592592593 0.08055555555555556
0 0.9300925925925926 0.6796296296296296 0.0962962962962963 0.16296296296296298
0 0.7986111111111112 0.6481481481481481 0.14814814814814814 0.18703703703703703
0 0.7782407407407408 0.46111111111111114 0.11666666666666667 0.12222222222222222
0 0.3365740740740741 0.5898148148148148 0.1962962962962963 0.12777777777777777
0 0.7305555555555555 0.041666666666666664 0.11018518518518519 0.07314814814814814
0 0.6680555555555555 0.2777777777777778 0.07037037037037037 0.09074074074074075
0 0.4708333333333333 0.7356481481481482 0.10740740740740741 0.18333333333333332
0 0.1625 0.5851851851851851 0.1287037037037037 0.07222222222222222
0 0.08101851851851852 0.29305555555555557 0.07314814814814814 0.16296296296296298
0 0.7722222222222223 0.17685185185185184 0.14166666666666666 0.08425925925925926
0 0.3333333333333333 0.7212962962962963 0.07407407407407407 0.05277777777777778
0 0.5314814814814814 0.9824074074074074 0.12222222222222222 0.032407407407407406
0 0.23194444444444445 0.8898148148148148 0.05185185185185185 0.15555555555555556
0 0.3212962962962963 0.10694444444444444 0.17962962962962964 0.2111111111111111
0 0.9708333333333333 0.8361111111111111 0.058333333333333334 0.11851851851851852
0 0.16898148148148148 0.4388888888888889 0.09814814814814815 0.06111111111111111
0 0.7597222222222222 0.27037037037037037 0.07222222222222222 0.05648148148148148
0 0.1675925925925926 0.26666666666666666 0.05648148148148148 0.14629629629629629
0 0.0375 0.5981481481481481 0.07407407407407407 0.11851851851851852
0 0.8319444444444445 0.9819444444444444 0.14074074074074075 0.03333333333333333
0 0.35 0.6578703703703703 0.125 0.05
0 0.16435185185185186 0.8537037037037037 0.11851851851851852 0.08703703703703704
0 0.5745370370370371 0.7018518518518518 0.05 0.08333333333333333
0 0.625462962962963 0.02638888888888889 0.058333333333333334 0.05277777777777778
0 0.674074074074074 0.8453703703703703 0.058333333333333334 0.11296296296296296
0 0.6273148148148148 0.3486111111111111 0.058333333333333334 0.13703703703703704