0 0.8074074074074075 0.3287037037037037 0.09444444444444444 0.17222222222222222
0 0.42453703703703705 0.5282407407407408 0.19444444444444445 0.2351851851851852
0 0.2916666666666667 0.8203703703703704 0.1398148148148148 0.16666666666666666
0 0.7032407407407407 0.1574074074074074 0.10925925925925926 0.08333333333333333
0 0.8194444444444444 0.6601851851851852 0.11481481481481481 0.13796296296296295
0 0.21898148148148147 0.08194444444444444 0.10925925925925926 0.1574074074074074
0 0.9217592592592593 0.1837962962962963 0.09444444444444444 0.06666666666666667
0 0.6361111111111111 0.07268518518518519 0.1685185185185185 0.14537037037037037
0 0.16898148148148148 0.5203703703703704 0.11296296296296296 0.15
0 0.6166666666666667 0.6439814814814815 0.12407407407407407 0.13703703703703704
0 0.5087962962962963 0.20462962962962963 0.11203703703703703 0.15
0 0.29907407407407405 0.02824074074074074 0.05740740740740741 0.05648148148148148
0 0.1587962962962963 0.03148148148148148 0.13796296296296295 0.06296296296296296
0 0.6981481481481482 0.825462962962963 0.07777777777777778 0.10833333333333334
0 0.337037037037037 0.29814814814814816 0.18703703703703703 0.07962962962962963
0 0.6240740740740741 0.33425925925925926 0.1388888888888889 0.09074074074074075
0 0.7907407407407407 0.07361111111111111 0.04722222222222222 0.10925925925925926
0 0.5092592592592593 0.5199074074074074 0.06111111111111111 0.0962962962962963
0 0.16111111111111112 0.7606481481481482 0.08703703703703704 0.1648148148148148