0 0.16157407407407406 0.7537037037037037 0.32037037037037036 0.38333333333333336
0 0.3486111111111111 0.1587962962962963 0.15925925925925927 0.3138888888888889
0 0.13518518518518519 0.4412037037037037 0.26666666666666666 0.27037037037037037
0 0.3263888888888889 0.8907407407407407 0.1037037037037037 0.21851851851851853
0 0.8444444444444444 0.5907407407407408 0.17592592592592593 0.2537037037037037
0 0.1361111111111111 0.12129629629629629 0.23148148148148148 0.2388888888888889
0 0.6814814814814815 0.6013888888888889 0.13425925925925927 0.15
0 0.5236111111111111 0.9296296296296296 0.0962962962962963 0.14074074074074075
0 0.8055555555555556 0.4115740740740741 0.11388888888888889 0.1259259259259259
0 0.06157407407407407 0.9680555555555556 0.1111111111111111 0.06388888888888888
0 0.6069444444444444 0.3921296296296296 0.07962962962962963 0.1962962962962963
0 0.6055555555555555 0.7435185185185185 0.10740740740740741 0.19074074074074074