0 0.3819444444444444 0.21574074074074073 0.35462962962962963 0.1037037037037037
0 0.4 0.3296296296296296 0.30925925925925923 0.10648148148148148
0 0.37175925925925923 0.55 0.3592592592592593 0.10925925925925926
0 0.6314814814814815 0.28379629629629627 0.16574074074074074 0.10462962962962963
0 0.8740740740740741 0.41805555555555557 0.1925925925925926 0.08333333333333333
0 0.35555555555555557 0.45925925925925926 0.10185185185185185 0.08425925925925926
0 0.34074074074074073 0.27037037037037037 0.24351851851851852 0.040740740740740744
0 0.5319444444444444 0.48055555555555557 0.20185185185185187 0.10740740740740741
0 0.7398148148148148 0.4564814814814815 0.17407407407407408 0.05925925925925926
0 0.06574074074074074 0.5532407407407407 0.13148148148148148 0.06296296296296296
0 0.19444444444444445 0.4726851851851852 0.19537037037037036 0.09814814814814815
0 0.08287037037037037 0.6865740740740741 0.16574074074074074 0.09907407407407408
0 0.6967592592592593 0.5805555555555556 0.15648148148148147 0.09537037037037037
0 0.8662037037037037 0.674074074074074 0.2638888888888889 0.10462962962962963
0 0.275 0.7194444444444444 0.41574074074074074 0.10462962962962963
0 0.0625 0.6236111111111111 0.125 0.075
0 0.8888888888888888 0.475 0.1537037037037037 0.053703703703703705
0 0.4125 0.825 0.225 0.08425925925925926