0 0.6620370370370371 0.6611111111111111 0.27870370370370373 0.18333333333333332
0 0.8532407407407407 0.6601851851851852 0.11851851851851852 0.10277777777777777
0 0.16342592592592592 0.7777777777777778 0.3101851851851852 0.13333333333333333
0 0.4546296296296296 0.6898148148148148 0.21203703703703702 0.18055555555555555
0 0.9004629629629629 0.9314814814814815 0.1925925925925926 0.12777777777777777
0 0.48194444444444445 0.4726851851851852 0.12037037037037036 0.09166666666666666
0 0.5550925925925926 0.3523148148148148 0.3055555555555556 0.13518518518518519
0 0.4273148148148148 0.8319444444444445 0.22592592592592592 0.07592592592592592
0 0.9231481481481482 0.15 0.15092592592592594 0.15092592592592594
0 0.7490740740740741 0.55 0.20555555555555555 0.06018518518518518
0 0.3421296296296296 0.5106481481481482 0.13333333333333333 0.06851851851851852
0 0.35138888888888886 0.37962962962962965 0.2037037037037037 0.08888888888888889
0 0.6787037037037037 0.48055555555555557 0.2777777777777778 0.08518518518518518
0 0.9365740740740741 0.5592592592592592 0.12222222222222222 0.09074074074074075
0 0.9185185185185185 0.4444444444444444 0.16296296296296298 0.13703703703703704
0 0.8662037037037037 0.7361111111111112 0.22592592592592592 0.05925925925925926
0 0.7689814814814815 0.9796296296296296 0.17037037037037037 0.040740740740740744
0 0.6504629629629629 0.8101851851851852 0.3314814814814815 0.08703703703703704
0 0.36574074074074076 0.30416666666666664 0.16296296296296298 0.08888888888888889