0 0.7546296296296297 0.18472222222222223 0.12731481481481483 0.36018518518518516
0 0.9166666666666666 0.11666666666666667 0.14351851851851852 0.23148148148148148
0 0.6731481481481482 0.7837962962962963 0.13055555555555556 0.3143518518518518
0 0.3351851851851852 0.23981481481481481 0.1412037037037037 0.2865740740740741
0 0.37222222222222223 0.8324074074074074 0.1476851851851852 0.2375
0 0.48842592592592593 0.15046296296296297 0.14537037037037037 0.30092592592592593
0 0.8842592592592593 0.4166666666666667 0.058333333333333334 0.10324074074074074
0 0.06296296296296296 0.20092592592592592 0.12546296296296297 0.23842592592592593
0 0.26157407407407407 0.7 0.07361111111111111 0.20416666666666666
0 0.6185185185185185 0.19814814814814816 0.14722222222222223 0.38657407407407407
0 0.4375 0.5023148148148148 0.09166666666666666 0.2972222222222222
0 0.549537037037037 0.6092592592592593 0.07592592592592592 0.18425925925925926
0 0.3138888888888889 0.47824074074074074 0.14074074074074075 0.18935185185185185
0 0.5300925925925926 0.7907407407407407 0.09212962962962963 0.1736111111111111
0 0.7814814814814814 0.9305555555555556 0.07777777777777778 0.13287037037037036
0 0.6375 0.4212962962962963 0.09583333333333334 0.2125
0 0.29444444444444445 0.8976851851851851 0.14814814814814814 0.19722222222222222
0 0.1125 0.062037037037037036 0.13148148148148148 0.11944444444444445
0 0.7907407407407407 0.38287037037037036 0.06666666666666667 0.041666666666666664
0 0.8189814814814815 0.4740740740740741 0.06342592592592593 0.06759259259259259
0 0.5472222222222223 0.9513888888888888 0.11944444444444445 0.09675925925925925
0 0.8587962962962963 0.5435185185185185 0.050462962962962966 0.12083333333333333
0 0.787962962962963 0.4013888888888889 0.06296296296296296 0.07546296296296297
0 0.2638888888888889 0.0912037037037037 0.1 0.1824074074074074
0 0.21388888888888888 0.34074074074074073 0.1087962962962963 0.4023148148148148
0 0.7310185185185185 0.9777777777777777 0.03425925925925926 0.044444444444444446