0 0.7615740740740741 0.3888888888888889 0.34074074074074073 0.15555555555555556
0 0.8875 0.28055555555555556 0.225 0.20185185185185187
0 0.8166666666666667 0.9462962962962963 0.27685185185185185 0.10740740740740741
0 0.13194444444444445 0.4398148148148148 0.2611111111111111 0.10185185185185185
0 0.3138888888888889 0.31527777777777777 0.26851851851851855 0.13703703703703704
0 0.29907407407407405 0.4041666666666667 0.1537037037037037 0.0712962962962963
0 0.6546296296296297 0.836574074074074 0.31666666666666665 0.11666666666666667
0 0.5212962962962963 0.2962962962962963 0.2074074074074074 0.09074074074074075
0 0.36203703703703705 0.19027777777777777 0.15925925925925927 0.06574074074074074
0 0.125 0.7046296296296296 0.25 0.17962962962962964
0 0.23842592592592593 0.028703703703703703 0.21388888888888888 0.05740740740740741
0 0.6078703703703704 0.5337962962962963 0.29814814814814816 0.10925925925925926
0 0.45416666666666666 0.6550925925925926 0.3638888888888889 0.06944444444444445
0 0.25601851851851853 0.5833333333333334 0.14074074074074075 0.06481481481481481
0 0.3800925925925926 0.11527777777777778 0.18333333333333332 0.06111111111111111
0 0.27870370370370373 0.7972222222222223 0.2611111111111111 0.058333333333333334
0 0.012962962962962963 0.046296296296296294 0.025925925925925925 0.09259259259259259