0 0.5694444444444444 0.513425925925926 0.18287037037037038 0.24444444444444444
0 0.6726851851851852 0.825462962962963 0.13240740740740742 0.3384259259259259
0 0.5259259259259259 0.29444444444444445 0.18518518518518517 0.2972222222222222
0 0.29444444444444445 0.6564814814814814 0.09212962962962963 0.21157407407407408
0 0.06620370370370371 0.07083333333333333 0.13240740740740742 0.14166666666666666
0 0.36666666666666664 0.2800925925925926 0.11435185185185186 0.2935185185185185
0 0.337037037037037 0.06898148148148148 0.12129629629629629 0.13425925925925927
0 0.37777777777777777 0.5120370370370371 0.09027777777777778 0.12314814814814815
0 0.44675925925925924 0.22592592592592592 0.06666666666666667 0.2212962962962963
0 0.549537037037037 0.09722222222222222 0.10231481481481482 0.12453703703703704
0 0.2361111111111111 0.37037037037037035 0.1310185185185185 0.4361111111111111
0 0.7217592592592592 0.5393518518518519 0.0837962962962963 0.2361111111111111
0 0.4638888888888889 0.046296296296296294 0.11203703703703703 0.0912037037037037
0 0.8759259259259259 0.059722222222222225 0.24814814814814815 0.11944444444444445
0 0.9375 0.27824074074074073 0.125 0.27824074074074073
0 0.8689814814814815 0.11388888888888889 0.25601851851851853 0.2273148148148148
0 0.65 0.12453703703703704 0.07268518518518519 0.22175925925925927
0 0.41805555555555557 0.6597222222222222 0.06898148148148148 0.1439814814814815
0 0.20787037037037037 0.6449074074074074 0.09027777777777778 0.1638888888888889