0 0.4537037037037037 0.5351851851851852 0.1388888888888889 0.33287037037037037
0 0.6601851851851852 0.7388888888888889 0.12037037037037036 0.2
0 0.3638888888888889 0.7694444444444445 0.20324074074074075 0.16111111111111112
0 0.8453703703703703 0.3236111111111111 0.07175925925925926 0.15648148148148147
0 0.5564814814814815 0.6726851851851852 0.14074074074074075 0.24861111111111112
0 0.6842592592592592 0.4773148148148148 0.2064814814814815 0.1763888888888889
0 0.7532407407407408 0.35 0.15648148148148147 0.14074074074074075
0 0.8782407407407408 0.7046296296296296 0.14675925925925926 0.10925925925925926
0 0.7555555555555555 0.6625 0.09861111111111111 0.20324074074074075
0 0.8569444444444444 0.5217592592592593 0.10787037037037037 0.1935185185185185
0 0.9069444444444444 0.4462962962962963 0.10138888888888889 0.08287037037037037
0 0.9412037037037037 0.20787037037037037 0.09212962962962963 0.1125
0 0.8398148148148148 0.8430555555555556 0.1388888888888889 0.10462962962962963
0 0.575925925925926 0.8930555555555556 0.09212962962962963 0.2111111111111111