0 0.2898148148148148 0.5032407407407408 0.22592592592592592 0.09351851851851851
0 0.4587962962962963 0.30462962962962964 0.2796296296296296 0.1
0 0.7314814814814815 0.2726851851851852 0.1537037037037037 0.10185185185185185
0 0.27361111111111114 0.9037037037037037 0.26296296296296295 0.12962962962962962
0 0.5055555555555555 0.20462962962962963 0.24814814814814815 0.09074074074074075
0 0.7412037037037037 0.4828703703703704 0.09537037037037037 0.07222222222222222
0 0.9407407407407408 0.7680555555555556 0.11851851851851852 0.10833333333333334
0 0.8087962962962963 0.3648148148148148 0.2388888888888889 0.06388888888888888
0 0.0912037037037037 0.5398148148148149 0.17962962962962964 0.1259259259259259
0 0.0625 0.1476851851851852 0.11296296296296296 0.06666666666666667
0 0.47824074074074074 0.39675925925925926 0.26851851851851855 0.05648148148148148