0 0.45 0.8638888888888889 0.1125 0.27175925925925926
0 0.4759259259259259 0.4925925925925926 0.12777777777777777 0.12083333333333333
0 0.5643518518518519 0.3175925925925926 0.11805555555555555 0.18009259259259258
0 0.3365740740740741 0.8921296296296296 0.07824074074074074 0.20833333333333334
0 0.17916666666666667 0.600462962962963 0.11018518518518519 0.3060185185185185
0 0.4305555555555556 0.2 0.0587962962962963 0.18333333333333332
0 0.4444444444444444 0.05416666666666667 0.12962962962962962 0.10694444444444444
0 0.6236111111111111 0.9351851851851852 0.07175925925925926 0.12962962962962962
0 0.22546296296296298 0.9157407407407407 0.08472222222222223 0.1685185185185185
0 0.5361111111111111 0.8671296296296296 0.0712962962962963 0.2657407407407407
0 0.3375 0.5439814814814815 0.11296296296296296 0.12453703703703704