0 0.37592592592592594 0.24675925925925926 0.25462962962962965 0.18425925925925926
0 0.08287037037037037 0.4912037037037037 0.16574074074074074 0.25787037037037036
0 0.7337962962962963 0.2162037037037037 0.31203703703703706 0.4324074074074074
0 0.3962962962962963 0.525 0.37037037037037035 0.21574074074074073
0 0.0763888888888889 0.762962962962963 0.1527777777777778 0.22037037037037038
0 0.5407407407407407 0.22037037037037038 0.11851851851851852 0.25324074074074077
0 0.7467592592592592 0.6625 0.14675925925925926 0.1625
0 0.9259259259259259 0.4726851851851852 0.12638888888888888 0.18888888888888888
0 0.6111111111111112 0.6509259259259259 0.0875 0.17037037037037037
0 0.6898148148148148 0.8125 0.1388888888888889 0.14351851851851852
0 0.11805555555555555 0.25092592592592594 0.14212962962962963 0.17962962962962964
0 0.9 0.25092592592592594 0.09675925925925925 0.21712962962962962
0 0.8226851851851852 0.8671296296296296 0.09537037037037037 0.24351851851851852
0 0.43194444444444446 0.40694444444444444 0.12361111111111112 0.1388888888888889
0 0.2125 0.6421296296296296 0.225 0.11851851851851852
0 0.2625 0.9587962962962963 0.175 0.07962962962962963