0 0.5990740740740741 0.7513888888888889 0.3819444444444444 0.3638888888888889
0 0.45740740740740743 0.33240740740740743 0.2847222222222222 0.13287037037037036
0 0.08472222222222223 0.5097222222222222 0.16296296296296298 0.12453703703703704
0 0.09953703703703703 0.30833333333333335 0.18888888888888888 0.16898148148148148
0 0.033796296296296297 0.7643518518518518 0.06759259259259259 0.19537037037037036
0 0.8958333333333334 0.8870370370370371 0.20601851851851852 0.21342592592592594
0 0.8657407407407407 0.4652777777777778 0.2587962962962963 0.16435185185185186
0 0.4546296296296296 0.20694444444444443 0.23657407407407408 0.08611111111111111
0 0.3212962962962963 0.6703703703703704 0.16064814814814815 0.26342592592592595
0 0.3476851851851852 0.13240740740740742 0.11990740740740741 0.060648148148148145
0 0.2625 0.23055555555555557 0.1375 0.07361111111111111
0 0.22314814814814815 0.6236111111111111 0.14074074074074075 0.15648148148148147