0 0.21064814814814814 0.7157407407407408 0.1824074074074074 0.09814814814814815
0 0.5847222222222223 0.7351851851851852 0.4759259259259259 0.175
0 0.2337962962962963 0.39537037037037037 0.25 0.09074074074074075
0 0.16018518518518518 0.5546296296296296 0.15 0.10833333333333334
0 0.7277777777777777 0.5486111111111112 0.16574074074074074 0.14166666666666666
0 0.1087962962962963 0.33564814814814814 0.21203703703703702 0.07592592592592592
0 0.32037037037037036 0.6569444444444444 0.18703703703703703 0.07407407407407407
0 0.040740740740740744 0.5800925925925926 0.07592592592592592 0.0712962962962963
0 0.2361111111111111 0.9601851851851851 0.21666666666666667 0.07222222222222222
0 0.575462962962963 0.5342592592592592 0.2111111111111111 0.1361111111111111
0 0.059722222222222225 0.49675925925925923 0.11296296296296296 0.09814814814814815
0 0.08055555555555556 0.7467592592592592 0.1537037037037037 0.07962962962962963
0 0.022222222222222223 0.6439814814814815 0.044444444444444446 0.075
0 0.8740740740740741 0.9763888888888889 0.08888888888888889 0.04722222222222222
0 0.6685185185185185 0.4527777777777778 0.14444444444444443 0.07962962962962963
0 0.4726851851851852 0.6467592592592593 0.1425925925925926 0.09814814814814815
0 0.7087962962962963 0.9462962962962963 0.10555555555555556 0.10740740740740741
0 0.9342592592592592 0.6175925925925926 0.13148148148148148 0.1648148148148148