0 0.3060185185185185 0.44305555555555554 0.21388888888888888 0.21851851851851853
0 0.7333333333333333 0.524537037037037 0.12037037037037036 0.13148148148148148
0 0.5287037037037037 0.6643518518518519 0.1925925925925926 0.10833333333333334
0 0.7337962962962963 0.2162037037037037 0.21481481481481482 0.06851851851851852
0 0.4597222222222222 0.7282407407407407 0.11851851851851852 0.1361111111111111
0 0.5981481481481481 0.3912037037037037 0.19814814814814816 0.14074074074074075
0 0.5662037037037037 0.5611111111111111 0.22037037037037038 0.08796296296296297
0 0.13842592592592592 0.35462962962962963 0.05185185185185185 0.05555555555555555
0 0.8217592592592593 0.4310185185185185 0.2 0.06481481481481481
0 0.6273148148148148 0.300462962962963 0.1638888888888889 0.11481481481481481
0 0.7180555555555556 0.3925925925925926 0.09351851851851851 0.10185185185185185
0 0.15462962962962962 0.4388888888888889 0.044444444444444446 0.07685185185185185
0 0.6134259259259259 0.5064814814814815 0.09074074074074075 0.07777777777777778
0 0.10416666666666667 0.4986111111111111 0.07407407407407407 0.08425925925925926
0 0.10231481481481482 0.20462962962962963 0.07037037037037037 0.11481481481481481