0 0.07037037037037037 0.4412037037037037 0.07824074074074074 0.38287037037037036
0 0.6912037037037037 0.4185185185185185 0.10787037037037037 0.24675925925925926
0 0.18055555555555555 0.33287037037037037 0.07037037037037037 0.27175925925925926
0 0.2912037037037037 0.5685185185185185 0.06388888888888888 0.21851851851851853
0 0.375 0.7962962962962963 0.2064814814814815 0.27037037037037037
0 0.14907407407407408 0.08657407407407407 0.09861111111111111 0.13287037037037036
0 0.3638888888888889 0.5532407407407407 0.05 0.125
0 0.5162037037037037 0.3287037037037037 0.07361111111111111 0.1486111111111111
0 0.5953703703703703 0.8740740740740741 0.12175925925925926 0.19212962962962962
0 0.45925925925925926 0.9194444444444444 0.0875 0.15787037037037038
0 0.5837962962962963 0.5305555555555556 0.08611111111111111 0.20787037037037037
0 0.6935185185185185 0.2657407407407407 0.10648148148148148 0.15648148148148147
0 0.4976851851851852 0.5351851851851852 0.05787037037037037 0.08287037037037037
0 0.2884259259259259 0.29907407407407405 0.08287037037037037 0.1388888888888889
0 0.5569444444444445 0.6703703703703704 0.16111111111111112 0.1685185185185185
0 0.22361111111111112 0.46111111111111114 0.05324074074074074 0.23148148148148148
0 0.5087962962962963 0.04351851851851852 0.06574074074074074 0.08703703703703704