0 0.7546296296296297 0.8152777777777778 0.12777777777777777 0.36018518518518516
0 0.9166666666666666 0.8833333333333333 0.14351851851851852 0.23148148148148148
0 0.6731481481481482 0.2162037037037037 0.13055555555555556 0.3148148148148148
0 0.3351851851851852 0.7601851851851852 0.14074074074074075 0.28703703703703703
0 0.37222222222222223 0.1675925925925926 0.14814814814814814 0.23703703703703705
0 0.48842592592592593 0.8495370370370371 0.14537037037037037 0.30092592592592593
0 0.8842592592592593 0.5833333333333334 0.058333333333333334 0.1037037037037037
0 0.06296296296296296 0.799074074074074 0.1259259259259259 0.2388888888888889
0 0.26157407407407407 0.3 0.07407407407407407 0.2037037037037037
0 0.6185185185185185 0.8018518518518518 0.14722222222222223 0.387037037037037
0 0.4375 0.4976851851851852 0.09166666666666666 0.2972222222222222
0 0.549537037037037 0.3907407407407407 0.07592592592592592 0.18425925925925926
0 0.3138888888888889 0.5217592592592593 0.14074074074074075 0.18888888888888888
0 0.5300925925925926 0.20925925925925926 0.09259259259259259 0.17407407407407408
0 0.7814814814814814 0.06944444444444445 0.07777777777777778 0.13333333333333333
0 0.6375 0.5787037037037037 0.0962962962962963 0.21296296296296297
0 0.29444444444444445 0.10231481481481482 0.14814814814814814 0.19722222222222222
0 0.1125 0.937962962962963 0.13148148148148148 0.11944444444444445
0 0.7907407407407407 0.6171296296296296 0.06666666666666667 0.041666666666666664
0 0.8189814814814815 0.5259259259259259 0.06296296296296296 0.06759259259259259
0 0.5472222222222223 0.04861111111111111 0.11944444444444445 0.0962962962962963
0 0.8587962962962963 0.4564814814814815 0.05 0.12037037037037036
0 0.787962962962963 0.5986111111111111 0.06296296296296296 0.07592592592592592
0 0.2638888888888889 0.9087962962962963 0.1 0.1824074074074074
0 0.21388888888888888 0.6592592592592592 0.10925925925925926 0.40185185185185185
0 0.7310185185185185 0.022222222222222223 0.03425925925925926 0.044444444444444446