0 0.5412037037037037 0.6259259259259259 0.5018518518518519 0.27037037037037037
0 0.8648148148148148 0.7314814814814815 0.26666666666666666 0.2037037037037037
0 0.3476851851851852 0.5009259259259259 0.21388888888888888 0.18888888888888888
0 0.6162037037037037 0.37962962962962965 0.2574074074074074 0.2064814814814815
0 0.06111111111111111 0.5712962962962963 0.12222222222222222 0.1111111111111111
0 0.09444444444444444 0.45694444444444443 0.18888888888888888 0.20185185185185187
0 0.4601851851851852 0.3648148148148148 0.19537037037037036 0.07962962962962963
0 0.3037037037037037 0.41944444444444445 0.2611111111111111 0.1388888888888889
0 0.5069444444444444 0.9236111111111112 0.5296296296296297 0.15
0 0.12037037037037036 0.7157407407407408 0.24074074074074073 0.13148148148148148
0 0.8592592592592593 0.5444444444444444 0.2777777777777778 0.24537037037037038