0 0.5694444444444444 0.48657407407407405 0.18333333333333332 0.24444444444444444
0 0.6726851851851852 0.17453703703703705 0.13240740740740742 0.3388888888888889
0 0.5259259259259259 0.7055555555555556 0.18518518518518517 0.2972222222222222
0 0.29444444444444445 0.3435185185185185 0.09259259259259259 0.2111111111111111
0 0.06620370370370371 0.9291666666666667 0.13240740740740742 0.14166666666666666
0 0.36666666666666664 0.7199074074074074 0.11481481481481481 0.2935185185185185
0 0.337037037037037 0.9310185185185185 0.12129629629629629 0.13425925925925927
0 0.37777777777777777 0.487962962962963 0.09074074074074075 0.12314814814814815
0 0.44675925925925924 0.774074074074074 0.06666666666666667 0.2212962962962963
0 0.549537037037037 0.9027777777777778 0.10185185185185185 0.12407407407407407
0 0.2361111111111111 0.6296296296296297 0.13148148148148148 0.4361111111111111
0 0.7217592592592592 0.46064814814814814 0.08333333333333333 0.2361111111111111
0 0.4638888888888889 0.9537037037037037 0.11203703703703703 0.09074074074074075
0 0.8759259259259259 0.9402777777777778 0.24814814814814815 0.11944444444444445
0 0.9375 0.7217592592592592 0.125 0.2777777777777778
0 0.8689814814814815 0.8861111111111111 0.25555555555555554 0.22777777777777777
0 0.65 0.875462962962963 0.07222222222222222 0.2222222222222222
0 0.41805555555555557 0.3402777777777778 0.06851851851851852 0.14444444444444443
0 0.20787037037037037 0.35509259259259257 0.09074074074074075 0.1638888888888889