0 0.7134259259259259 0.5115740740740741 0.1986111111111111 0.19212962962962962
0 0.4212962962962963 0.4888888888888889 0.18611111111111112 0.43148148148148147
0 0.7962962962962963 0.8069444444444445 0.29212962962962963 0.38287037037037036
0 0.9046296296296297 0.5523148148148148 0.09074074074074075 0.20462962962962963
0 0.4976851851851852 0.7935185185185185 0.07361111111111111 0.0875
0 0.5287037037037037 0.1685185185185185 0.07037037037037037 0.2375
0 0.3296296296296296 0.37037037037037035 0.2064814814814815 0.5907407407407408
0 0.14537037037037037 0.12361111111111112 0.2875 0.24351851851851852
0 0.9587962962962963 0.8125 0.07037037037037037 0.14351851851851852
0 0.5101851851851852 0.9398148148148148 0.08611111111111111 0.11712962962962963
0 0.6125 0.34305555555555556 0.06851851851851852 0.0763888888888889