0 0.637962962962963 0.7138888888888889 0.29583333333333334 0.11990740740740741
0 0.2523148148148148 0.2712962962962963 0.337037037037037 0.24305555555555555
0 0.8453703703703703 0.48148148148148145 0.2574074074074074 0.1087962962962963
0 0.4212962962962963 0.08101851851851852 0.34444444444444444 0.16203703703703703
0 0.45740740740740743 0.45092592592592595 0.4356481481481482 0.14953703703703702
0 0.4111111111111111 0.6310185185185185 0.4375 0.11435185185185186
0 0.8986111111111111 0.13703703703703704 0.2013888888888889 0.08055555555555556
0 0.8444444444444444 0.6125 0.22083333333333333 0.11805555555555555
0 0.049074074074074076 0.2449074074074074 0.09537037037037037 0.19444444444444445
0 0.11388888888888889 0.05324074074074074 0.2273148148148148 0.10601851851851851
0 0.5615740740740741 0.30648148148148147 0.16111111111111112 0.11574074074074074