0 0.5032407407407408 0.7101851851851851 0.09351851851851851 0.2263888888888889
0 0.30462962962962964 0.5412037037037037 0.1 0.2796296296296296
0 0.2726851851851852 0.26851851851851855 0.10138888888888889 0.15324074074074073
0 0.9037037037037037 0.7263888888888889 0.12962962962962962 0.2625
0 0.20462962962962963 0.49444444444444446 0.09074074074074075 0.24861111111111112
0 0.4828703703703704 0.2587962962962963 0.07175925925925926 0.09537037037037037
0 0.7680555555555556 0.05925925925925926 0.10787037037037037 0.11851851851851852
0 0.3648148148148148 0.1912037037037037 0.06388888888888888 0.2388888888888889
0 0.5398148148148149 0.9087962962962963 0.12638888888888888 0.17962962962962964
0 0.1476851851851852 0.9375 0.06712962962962964 0.1125
0 0.39675925925925926 0.5217592592592593 0.05648148148148148 0.26851851851851855