0 0.2037037037037037 0.8351851851851851 0.12962962962962962 0.29212962962962963
0 0.3337962962962963 0.8398148148148148 0.12638888888888888 0.31712962962962965
0 0.6976851851851852 0.7611111111111111 0.10138888888888889 0.2064814814814815
0 0.26342592592592595 0.5259259259259259 0.12638888888888888 0.21712962962962962
0 0.49907407407407406 0.40879629629629627 0.07962962962962963 0.11712962962962963
0 0.5796296296296296 0.9078703703703703 0.13148148148148148 0.1814814814814815
0 0.4444444444444444 0.7726851851851851 0.08611111111111111 0.3111111111111111
0 0.8212962962962963 0.24212962962962964 0.09212962962962963 0.31851851851851853
0 0.37824074074074077 0.3819444444444444 0.07824074074074074 0.2986111111111111
0 0.975 0.8351851851851851 0.04675925925925926 0.15462962962962962
0 0.34444444444444444 0.5453703703703704 0.03888888888888889 0.14351851851851852