0 0.4185185185185185 0.19490740740740742 0.1587962962962963 0.2708333333333333
0 0.2462962962962963 0.6722222222222223 0.10833333333333334 0.1884259259259259
0 0.3333333333333333 0.10231481481481482 0.08564814814814815 0.2
0 0.29444444444444445 0.37222222222222223 0.11435185185185186 0.16111111111111112
0 0.2361111111111111 0.23842592592592593 0.08842592592592592 0.14814814814814814
0 0.674074074074074 0.30787037037037035 0.08148148148148149 0.2902777777777778
0 0.4439814814814815 0.8671296296296296 0.08796296296296297 0.26064814814814813
0 0.2125 0.0712962962962963 0.13425925925925927 0.14212962962962963
0 0.32592592592592595 0.5217592592592593 0.08333333333333333 0.22268518518518518
0 0.41805555555555557 0.6643518518518519 0.09814814814814815 0.13194444444444445
0 0.6643518518518519 0.6435185185185185 0.08333333333333333 0.1574074074074074
0 0.5527777777777778 0.35138888888888886 0.056018518518518516 0.17314814814814813