0 0.4634259259259259 0.8986111111111111 0.41388888888888886 0.14351851851851852
0 0.4587962962962963 0.4078703703703704 0.24537037037037038 0.2064814814814815
0 0.3578703703703704 0.538425925925926 0.44351851851851853 0.10185185185185185
0 0.2537037037037037 0.7023148148148148 0.5074074074074074 0.14537037037037037
0 0.9407407407407408 0.3490740740740741 0.11574074074074074 0.12962962962962962
0 0.6444444444444445 0.1587962962962963 0.3138888888888889 0.17037037037037037
0 0.9055555555555556 0.1537037037037037 0.18611111111111112 0.17407407407407408
0 0.27037037037037037 0.3611111111111111 0.2064814814814815 0.18425925925925926
0 0.24537037037037038 0.6032407407407407 0.2935185185185185 0.07222222222222222
0 0.8273148148148148 0.7657407407407407 0.3425925925925926 0.1537037037037037
0 0.2064814814814815 0.09212962962962963 0.25925925925925924 0.0962962962962963