0 0.2861111111111111 0.637962962962963 0.12037037037037036 0.2962962962962963
0 0.7287037037037037 0.2523148148148148 0.24259259259259258 0.337037037037037
0 0.5185185185185185 0.8453703703703703 0.10925925925925926 0.2574074074074074
0 0.9189814814814815 0.4212962962962963 0.16203703703703703 0.34444444444444444
0 0.549074074074074 0.45740740740740743 0.15 0.4351851851851852
0 0.36898148148148147 0.4111111111111111 0.11481481481481481 0.43703703703703706
0 0.8629629629629629 0.8986111111111111 0.08055555555555556 0.20185185185185187
0 0.3875 0.8444444444444444 0.11851851851851852 0.22037037037037038
0 0.7550925925925925 0.049074074074074076 0.19444444444444445 0.09537037037037037
0 0.9467592592592593 0.11388888888888889 0.10555555555555556 0.22777777777777777
0 0.6935185185185185 0.5615740740740741 0.11574074074074074 0.16111111111111112