0 0.45092592592592595 0.725462962962963 0.2037037037037037 0.26296296296296295
0 0.3425925925925926 0.5981481481481481 0.2833333333333333 0.15555555555555556
0 0.6439814814814815 0.6097222222222223 0.26944444444444443 0.1814814814814815
0 0.8277777777777777 0.4064814814814815 0.3037037037037037 0.35555555555555557
0 0.7407407407407407 0.11018518518518519 0.19444444444444445 0.22037037037037038
0 0.0787037037037037 0.5009259259259259 0.15185185185185185 0.3425925925925926
0 0.10555555555555556 0.06574074074074074 0.2111111111111111 0.13148148148148148
0 0.2657407407407407 0.26064814814814813 0.27037037037037037 0.45740740740740743
0 0.9277777777777778 0.09212962962962963 0.1388888888888889 0.18425925925925926
0 0.08935185185185185 0.3597222222222222 0.1425925925925926 0.1638888888888889
0 0.6652777777777777 0.7712962962962963 0.1259259259259259 0.11296296296296296
0 0.600462962962963 0.05277777777777778 0.24074074074074073 0.10555555555555556
0 0.649537037037037 0.47638888888888886 0.21666666666666667 0.07222222222222222