0 0.5726851851851852 0.3990740740740741 0.16712962962962963 0.30462962962962964
0 0.6638888888888889 0.6273148148148148 0.2814814814814815 0.12638888888888888
0 0.3523148148148148 0.5462962962962963 0.27361111111111114 0.1388888888888889
0 0.5203703703703704 0.9180555555555555 0.23148148148148148 0.09537037037037037
0 0.8638888888888889 0.8638888888888889 0.26851851851851855 0.15925925925925927
0 0.3787037037037037 0.6685185185185185 0.17037037037037037 0.10648148148148148
0 0.7087962962962963 0.7726851851851851 0.14537037037037037 0.12638888888888888
0 0.5912037037037037 0.6907407407407408 0.17037037037037037 0.09074074074074075
0 0.7930555555555555 0.6592592592592592 0.15138888888888888 0.09074074074074075
0 0.6615740740740741 0.8361111111111111 0.11712962962962963 0.09074074074074075
0 0.9 0.9796296296296296 0.19675925925925927 0.0375
0 0.26342592592592595 0.6444444444444445 0.14212962962962963 0.06388888888888888
0 0.6569444444444444 0.07962962962962963 0.15787037037037038 0.14351851851851852
0 0.16574074074074074 0.9259259259259259 0.2875 0.14212962962962963