0 0.4842592592592593 0.5648148148148148 0.14074074074074075 0.32037037037037036
0 0.6875 0.7578703703703704 0.11851851851851852 0.20324074074074075
0 0.8587962962962963 0.33287037037037037 0.07361111111111111 0.15324074074074073
0 0.586574074074074 0.6935185185185185 0.1361111111111111 0.24351851851851852
0 0.7013888888888888 0.49074074074074076 0.20324074074074075 0.175
0 0.7814814814814814 0.6796296296296296 0.09675925925925925 0.20324074074074075
0 0.7662037037037037 0.36342592592592593 0.15462962962962962 0.1388888888888889
0 0.9 0.7240740740740741 0.14074074074074075 0.1111111111111111
0 0.9203703703703704 0.4537037037037037 0.10324074074074074 0.08287037037037037
0 0.8685185185185185 0.5319444444444444 0.10324074074074074 0.19212962962962962
0 0.2013888888888889 0.5611111111111111 0.10324074074074074 0.08148148148148149
0 0.3990740740740741 0.7935185185185185 0.19537037037037036 0.15925925925925927
0 0.6194444444444445 0.9226851851851852 0.08611111111111111 0.15138888888888888
0 0.8740740740740741 0.8740740740740741 0.15787037037037038 0.12962962962962962