0 0.6611111111111111 0.33796296296296297 0.18333333333333332 0.27870370370370373
0 0.6601851851851852 0.14675925925925926 0.10277777777777777 0.11851851851851852
0 0.7777777777777778 0.836574074074074 0.13333333333333333 0.3101851851851852
0 0.6898148148148148 0.5453703703703704 0.18055555555555555 0.21203703703703702
0 0.9314814814814815 0.09953703703703703 0.12777777777777777 0.1925925925925926
0 0.4726851851851852 0.5180555555555556 0.09166666666666666 0.12037037037037036
0 0.3523148148148148 0.4449074074074074 0.13518518518518519 0.3055555555555556
0 0.8319444444444445 0.5726851851851852 0.07592592592592592 0.22592592592592592
0 0.15 0.07685185185185185 0.15092592592592594 0.15092592592592594
0 0.55 0.25092592592592594 0.06018518518518518 0.20555555555555555
0 0.5106481481481482 0.6578703703703703 0.06851851851851852 0.13333333333333333
0 0.37962962962962965 0.6486111111111111 0.08888888888888889 0.2037037037037037
0 0.48055555555555557 0.3212962962962963 0.08518518518518518 0.2777777777777778
0 0.5592592592592592 0.06342592592592593 0.09074074074074075 0.12222222222222222
0 0.4444444444444444 0.08148148148148149 0.13703703703703704 0.16296296296296298
0 0.7361111111111112 0.1337962962962963 0.05925925925925926 0.22592592592592592
0 0.9796296296296296 0.2310185185185185 0.040740740740740744 0.17037037037037037
0 0.8101851851851852 0.34953703703703703 0.08703703703703704 0.3314814814814815
0 0.30416666666666664 0.6342592592592593 0.08888888888888889 0.16296296296296298