0 0.475462962962963 0.887962962962963 0.1587962962962963 0.21851851851851853
0 0.11805555555555555 0.08055555555555556 0.22962962962962963 0.16111111111111112
0 0.27870370370370373 0.9032407407407408 0.12916666666666668 0.17916666666666667
0 0.6625 0.6625 0.24027777777777778 0.3
0 0.49583333333333335 0.43796296296296294 0.1287037037037037 0.14537037037037037
0 0.07916666666666666 0.6046296296296296 0.15833333333333333 0.30277777777777776
0 0.47962962962962963 0.2898148148148148 0.12407407407407407 0.1814814814814815
0 0.25046296296296294 0.2675925925925926 0.14444444444444443 0.23657407407407408
0 0.9805555555555555 0.5509259259259259 0.03888888888888889 0.1111111111111111
0 0.7111111111111111 0.3351851851851852 0.0912037037037037 0.06481481481481481
0 0.43703703703703706 0.5907407407407408 0.1287037037037037 0.16712962962962963
0 0.961574074074074 0.17407407407407408 0.0763888888888889 0.1625
0 0.2972222222222222 0.024537037037037038 0.1449074074074074 0.049074074074074076
0 0.9791666666666666 0.6263888888888889 0.041666666666666664 0.2861111111111111
0 0.29398148148148145 0.5069444444444444 0.14583333333333334 0.11805555555555555
0 0.3819444444444444 0.13703703703703704 0.17314814814814813 0.24212962962962964
0 0.2162037037037037 0.7981481481481482 0.10787037037037037 0.17314814814814813