0 0.924537037037037 0.3675925925925926 0.09351851851851851 0.0962962962962963
0 0.18518518518518517 0.41574074074074074 0.15092592592592594 0.1
0 0.7074074074074074 0.5106481481481482 0.11203703703703703 0.09537037037037037
0 0.33240740740740743 0.44675925925925924 0.14629629629629629 0.08981481481481482
0 0.6393518518518518 0.40324074074074073 0.21481481481481482 0.08148148148148149
0 0.07037037037037037 0.3416666666666667 0.1111111111111111 0.08796296296296297
0 0.5226851851851851 0.5166666666666667 0.1962962962962963 0.10277777777777777
0 0.8055555555555556 0.3592592592592593 0.12777777777777777 0.07685185185185185
0 0.9819444444444444 0.44675925925925924 0.03611111111111111 0.08981481481481482
0 0.21666666666666667 0.32731481481481484 0.15462962962962962 0.06388888888888888
0 0.35462962962962963 0.35185185185185186 0.1037037037037037 0.07037037037037037
0 0.55 0.6148148148148148 0.1814814814814815 0.05740740740740741