0 0.1361111111111111 0.45 0.2722222222222222 0.11296296296296296
0 0.5074074074074074 0.4759259259259259 0.12037037037037036 0.12777777777777777
0 0.6824074074074075 0.5643518518518519 0.17962962962962964 0.11851851851851852
0 0.10787037037037037 0.3365740740740741 0.20833333333333334 0.07777777777777778
0 0.399537037037037 0.17916666666666667 0.3055555555555556 0.11018518518518519
0 0.8 0.4305555555555556 0.18333333333333332 0.05925925925925926
0 0.9458333333333333 0.4444444444444444 0.10740740740740741 0.12962962962962962
0 0.06481481481481481 0.6236111111111111 0.12962962962962962 0.07222222222222222
0 0.08425925925925926 0.22546296296296298 0.1685185185185185 0.08518518518518518
0 0.13287037037037036 0.5361111111111111 0.2657407407407407 0.0712962962962963
0 0.45601851851851855 0.3375 0.12407407407407407 0.11296296296296296