0 0.8384259259259259 0.2462962962962963 0.32037037037037036 0.38333333333333336
0 0.6513888888888889 0.8412037037037037 0.15925925925925927 0.3138888888888889
0 0.8648148148148148 0.5587962962962963 0.26666666666666666 0.27037037037037037
0 0.6736111111111112 0.10925925925925926 0.1037037037037037 0.21851851851851853
0 0.15555555555555556 0.40925925925925927 0.17592592592592593 0.2537037037037037
0 0.8638888888888889 0.8787037037037037 0.23148148148148148 0.2388888888888889
0 0.31851851851851853 0.39861111111111114 0.13425925925925927 0.15
0 0.47638888888888886 0.07037037037037037 0.0962962962962963 0.14074074074074075
0 0.19444444444444445 0.5884259259259259 0.11388888888888889 0.1259259259259259
0 0.9384259259259259 0.03194444444444444 0.1111111111111111 0.06388888888888888
0 0.39305555555555555 0.6078703703703704 0.07962962962962963 0.1962962962962963
0 0.39444444444444443 0.2564814814814815 0.10740740740740741 0.19074074074074074