0 0.1648148148148148 0.3976851851851852 0.2222222222222222 0.14444444444444443
0 0.4023148148148148 0.2449074074074074 0.30925925925925923 0.25092592592592594
0 0.11064814814814815 0.5939814814814814 0.18518518518518517 0.13240740740740742
0 0.1685185185185185 0.6787037037037037 0.17685185185185184 0.1037037037037037
0 0.36527777777777776 0.8310185185185185 0.3111111111111111 0.21851851851851853
0 0.8949074074074074 0.837037037037037 0.2 0.225
0 0.6055555555555555 0.6939814814814815 0.2111111111111111 0.15555555555555556
0 0.49398148148148147 0.9486111111111111 0.13796296296296295 0.10277777777777777
0 0.5879629629629629 0.8541666666666666 0.2101851851851852 0.10185185185185185
0 0.4287037037037037 0.6805555555555556 0.15555555555555556 0.07222222222222222
0 0.8291666666666667 0.9328703703703703 0.22685185185185186 0.07962962962962963
0 0.9814814814814815 0.8134259259259259 0.03518518518518519 0.24814814814814815
0 0.9814814814814815 0.8935185185185185 0.03611111111111111 0.14537037037037037
0 0.9662037037037037 0.016666666666666666 0.06666666666666667 0.03333333333333333
0 0.46805555555555556 0.46296296296296297 0.16111111111111112 0.13148148148148148
0 0.7092592592592593 0.6032407407407407 0.14722222222222223 0.18333333333333332
0 0.6273148148148148 0.41574074074074074 0.1388888888888889 0.125
0 0.763425925925926 0.4648148148148148 0.1648148148148148 0.11666666666666667
0 0.9171296296296296 0.5986111111111111 0.1648148148148148 0.11851851851851852
0 0.23055555555555557 0.5675925925925925 0.04259259259259259 0.044444444444444446
0 0.2337962962962963 0.5115740740740741 0.03981481481481482 0.03518518518518519
0 0.5175925925925926 0.6101851851851852 0.12037037037037036 0.1537037037037037