0 0.7513888888888889 0.5990740740740741 0.3638888888888889 0.3814814814814815
0 0.33240740740740743 0.45740740740740743 0.13333333333333333 0.2851851851851852
0 0.5097222222222222 0.08472222222222223 0.12407407407407407 0.16296296296296298
0 0.30833333333333335 0.09953703703703703 0.1685185185185185 0.18888888888888888
0 0.7643518518518518 0.033796296296296297 0.19537037037037036 0.06759259259259259
0 0.8870370370370371 0.8958333333333334 0.21296296296296297 0.20555555555555555
0 0.4652777777777778 0.8657407407407407 0.1648148148148148 0.25925925925925924
0 0.20694444444444443 0.4546296296296296 0.08611111111111111 0.23703703703703705
0 0.6703703703703704 0.3212962962962963 0.26296296296296295 0.16111111111111112
0 0.13240740740740742 0.3476851851851852 0.06111111111111111 0.12037037037037036
0 0.23055555555555557 0.2625 0.07407407407407407 0.13703703703703704
0 0.6236111111111111 0.22314814814814815 0.15648148148148147 0.14074074074074075