0 0.24768518518518517 0.46574074074074073 0.22592592592592592 0.13425925925925927
0 0.5069444444444444 0.39444444444444443 0.27037037037037037 0.08611111111111111
0 0.26342592592592595 0.7921296296296296 0.24814814814814815 0.1685185185185185
0 0.45231481481481484 0.1986111111111111 0.34814814814814815 0.2564814814814815
0 0.30648148148148147 0.6444444444444445 0.15925925925925927 0.09814814814814815
0 0.13425925925925927 0.31574074074074077 0.26851851851851855 0.15648148148148147
0 0.8703703703703703 0.35 0.16574074074074074 0.24074074074074073
0 0.9092592592592592 0.1125 0.17777777777777778 0.1814814814814815
0 0.13194444444444445 0.11944444444444445 0.2638888888888889 0.2361111111111111
0 0.5953703703703703 0.5907407407407408 0.45925925925925926 0.2462962962962963
0 0.924074074074074 0.8263888888888888 0.14814814814814814 0.09074074074074075
0 0.39305555555555555 0.7148148148148148 0.14537037037037037 0.07592592592592592
0 0.8240740740740741 0.7111111111111111 0.21666666666666667 0.10925925925925926