0 0.24768518518518517 0.5342592592592592 0.2263888888888889 0.13425925925925927
0 0.5069444444444444 0.6055555555555555 0.27037037037037037 0.08611111111111111
0 0.26342592592592595 0.20787037037037037 0.24861111111111112 0.1685185185185185
0 0.45231481481481484 0.8013888888888889 0.3486111111111111 0.2564814814814815
0 0.30648148148148147 0.35555555555555557 0.15925925925925927 0.09861111111111111
0 0.13425925925925927 0.6842592592592592 0.26851851851851855 0.15648148148148147
0 0.8703703703703703 0.65 0.16574074074074074 0.24074074074074073
0 0.9092592592592592 0.8875 0.17824074074074073 0.1814814814814815
0 0.13194444444444445 0.8805555555555555 0.2638888888888889 0.2361111111111111
0 0.5953703703703703 0.40925925925925927 0.45925925925925926 0.24675925925925926
0 0.924074074074074 0.1736111111111111 0.1486111111111111 0.09074074074074075
0 0.39305555555555555 0.2851851851851852 0.14537037037037037 0.0763888888888889
0 0.8240740740740741 0.28888888888888886 0.21712962962962962 0.10925925925925926