0 0.7842592592592592 0.3819444444444444 0.10324074074074074 0.35462962962962963
0 0.6703703703703704 0.4 0.10648148148148148 0.30925925925925923
0 0.45 0.37175925925925923 0.10925925925925926 0.3592592592592593
0 0.7162037037037037 0.6314814814814815 0.10462962962962963 0.16574074074074074
0 0.5819444444444445 0.8740740740740741 0.08287037037037037 0.19212962962962962
0 0.5407407407407407 0.35555555555555557 0.08425925925925926 0.10138888888888889
0 0.7296296296296296 0.34074074074074073 0.040740740740740744 0.24351851851851852
0 0.5194444444444445 0.5319444444444444 0.10787037037037037 0.2013888888888889
0 0.5435185185185185 0.7398148148148148 0.05925925925925926 0.1736111111111111
0 0.44675925925925924 0.06574074074074074 0.0625 0.13148148148148148
0 0.5273148148148148 0.19444444444444445 0.09861111111111111 0.19537037037037036
0 0.31342592592592594 0.08287037037037037 0.09861111111111111 0.16574074074074074
0 0.41944444444444445 0.6967592592592593 0.09537037037037037 0.15648148148148147
0 0.32592592592592595 0.8662037037037037 0.10462962962962963 0.2638888888888889
0 0.28055555555555556 0.275 0.10462962962962963 0.41574074074074074
0 0.3763888888888889 0.0625 0.075 0.125
0 0.525 0.8888888888888888 0.05324074074074074 0.15324074074074073
0 0.175 0.4125 0.08425925925925926 0.225