0 0.7263888888888889 0.22685185185185186 0.2412037037037037 0.21203703703703702
0 0.6782407407407407 0.36574074074074076 0.22037037037037038 0.14305555555555555
0 0.6023148148148149 0.7310185185185185 0.24768518518518517 0.11527777777777778
0 0.6643518518518519 0.8444444444444444 0.18055555555555555 0.1425925925925926
0 0.475 0.4111111111111111 0.10277777777777777 0.14814814814814814
0 0.3768518518518518 0.5962962962962963 0.20925925925925926 0.15925925925925927
0 0.23287037037037037 0.46805555555555556 0.19675925925925927 0.09537037037037037
0 0.5888888888888889 0.5796296296296296 0.2375 0.14212962962962963
0 0.7291666666666666 0.09907407407407408 0.09722222222222222 0.043055555555555555
0 0.29814814814814816 0.562962962962963 0.1550925925925926 0.12175925925925926
0 0.6847222222222222 0.47685185185185186 0.21851851851851853 0.12407407407407407
0 0.3439814814814815 0.4185185185185185 0.12962962962962962 0.14907407407407408
0 0.8851851851851852 0.33101851851851855 0.06898148148148148 0.10046296296296296