0 0.6023148148148149 0.8351851851851851 0.14444444444444443 0.2222222222222222
0 0.7550925925925925 0.5976851851851852 0.25092592592592594 0.30925925925925923
0 0.4060185185185185 0.8893518518518518 0.13194444444444445 0.18472222222222223
0 0.3212962962962963 0.8314814814814815 0.10416666666666667 0.17685185185185184
0 0.16898148148148148 0.6347222222222222 0.21851851851851853 0.31157407407407406
0 0.16296296296296298 0.1050925925925926 0.225 0.2
0 0.3060185185185185 0.39444444444444443 0.15601851851851853 0.21064814814814814
0 0.05138888888888889 0.5060185185185185 0.10277777777777777 0.13796296296296295
0 0.14583333333333334 0.41203703703703703 0.10138888888888889 0.2101851851851852
0 0.3194444444444444 0.5712962962962963 0.07222222222222222 0.15601851851851853
0 0.06712962962962964 0.17083333333333334 0.07916666666666666 0.22685185185185186
0 0.1865740740740741 0.018518518518518517 0.24814814814814815 0.03518518518518519
0 0.10648148148148148 0.018518518518518517 0.14537037037037037 0.03611111111111111
0 0.9833333333333333 0.033796296296296297 0.03333333333333333 0.06666666666666667
0 0.5370370370370371 0.5319444444444444 0.13194444444444445 0.16111111111111112
0 0.39675925925925926 0.29074074074074074 0.1837962962962963 0.14722222222222223
0 0.5842592592592593 0.3726851851851852 0.125 0.13935185185185187
0 0.5351851851851852 0.23657407407407408 0.11666666666666667 0.16435185185185186
0 0.4013888888888889 0.08287037037037037 0.11851851851851852 0.16527777777777777
0 0.4324074074074074 0.7694444444444445 0.04398148148148148 0.04259259259259259
0 0.48842592592592593 0.7662037037037037 0.034722222222222224 0.03981481481481482
0 0.38981481481481484 0.4824074074074074 0.15416666666666667 0.11990740740740741