0 0.7064814814814815 0.425462962962963 0.1574074074074074 0.09444444444444444
0 0.6296296296296297 0.5518518518518518 0.2037037037037037 0.11574074074074074
0 0.6472222222222223 0.3199074074074074 0.10185185185185185 0.0962962962962963
0 0.9430555555555555 0.3625 0.10462962962962963 0.08333333333333333
0 0.26805555555555555 0.5009259259259259 0.11018518518518519 0.037037037037037035
0 0.30185185185185187 0.5606481481481481 0.125 0.06481481481481481
0 0.8458333333333333 0.4634259259259259 0.09537037037037037 0.12037037037037036
0 0.7657407407407407 0.32685185185185184 0.12222222222222222 0.07777777777777778
0 0.7814814814814814 0.5546296296296296 0.14074074074074075 0.06111111111111111
0 0.8981481481481481 0.5087962962962963 0.08055555555555556 0.08333333333333333
0 0.8773148148148148 0.30462962962962964 0.08981481481481482 0.058333333333333334
0 0.5185185185185185 0.2101851851851852 0.10740740740740741 0.10185185185185185
0 0.35694444444444445 0.21203703703703702 0.15092592592592594 0.06944444444444445
0 0.7175925925925926 0.2388888888888889 0.0962962962962963 0.05555555555555555
0 0.09768518518518518 0.3712962962962963 0.10092592592592593 0.07037037037037037
0 0.3074074074074074 0.2740740740740741 0.2462962962962963 0.07962962962962963
0 0.5736111111111111 0.4074074074074074 0.12777777777777777 0.06851851851851852
0 0.9680555555555556 0.425 0.06388888888888888 0.053703703703703705
0 0.26481481481481484 0.36157407407407405 0.1574074074074074 0.06481481481481481
0 0.10601851851851851 0.4601851851851852 0.12222222222222222 0.11481481481481481