0 0.8050925925925926 0.4185185185185185 0.27037037037037037 0.15925925925925927
0 0.3277777777777778 0.2462962962962963 0.18888888888888888 0.10833333333333334
0 0.8976851851851851 0.3333333333333333 0.2 0.08518518518518518
0 0.6277777777777778 0.29444444444444445 0.16111111111111112 0.11481481481481481
0 0.7615740740740741 0.2361111111111111 0.14814814814814814 0.08888888888888889
0 0.6921296296296297 0.674074074074074 0.29074074074074074 0.08148148148148149
0 0.13287037037037036 0.4439814814814815 0.2611111111111111 0.08796296296296297
0 0.9287037037037037 0.2125 0.1425925925925926 0.13425925925925927
0 0.47824074074074074 0.32592592592592595 0.2222222222222222 0.08333333333333333
0 0.33564814814814814 0.41805555555555557 0.13148148148148148 0.09814814814814815
0 0.35648148148148145 0.6643518518518519 0.1574074074074074 0.08333333333333333
0 0.6486111111111111 0.5527777777777778 0.17314814814814813 0.05555555555555555