0 0.10138888888888889 0.4634259259259259 0.14351851851851852 0.41388888888888886
0 0.5921296296296297 0.4587962962962963 0.2064814814814815 0.24537037037037038
0 0.4615740740740741 0.3578703703703704 0.10138888888888889 0.44351851851851853
0 0.29768518518518516 0.2537037037037037 0.14537037037037037 0.5074074074074074
0 0.6509259259259259 0.9407407407407408 0.12962962962962962 0.11574074074074074
0 0.8412037037037037 0.6444444444444445 0.17037037037037037 0.3138888888888889
0 0.8462962962962963 0.9055555555555556 0.1736111111111111 0.18611111111111112
0 0.6388888888888888 0.27037037037037037 0.18425925925925926 0.2064814814814815
0 0.39675925925925926 0.24537037037037038 0.07175925925925926 0.2935185185185185
0 0.23425925925925925 0.8273148148148148 0.15324074074074073 0.3421296296296296
0 0.9078703703703703 0.2064814814814815 0.09675925925925925 0.25925925925925924