0 0.4101851851851852 0.48148148148148145 0.2074074074074074 0.31851851851851853
0 0.6842592592592592 0.7537037037037037 0.26296296296296295 0.2638888888888889
0 0.15324074074074073 0.48194444444444445 0.21574074074074073 0.08888888888888889
0 0.10694444444444444 0.3685185185185185 0.21388888888888888 0.15
0 0.33055555555555555 0.9287037037037037 0.24259259259259258 0.1388888888888889
0 0.8240740740740741 0.600925925925926 0.34814814814814815 0.17407407407407408
0 0.27824074074074073 0.3712962962962963 0.11296296296296296 0.2074074074074074
0 0.7342592592592593 0.39537037037037037 0.15648148148148147 0.1814814814814815
0 0.5967592592592592 0.4888888888888889 0.175 0.26296296296296295
0 0.3638888888888889 0.19907407407407407 0.14351851851851852 0.06388888888888888
0 0.25925925925925924 0.21342592592592594 0.08425925925925926 0.07407407407407407
0 0.16574074074074074 0.8138888888888889 0.16574074074074074 0.06851851851851852
0 0.3814814814814815 0.6638888888888889 0.1037037037037037 0.05925925925925926