0 0.6694444444444444 0.5634259259259259 0.19537037037037036 0.2759259259259259
0 0.44305555555555554 0.3138888888888889 0.13333333333333333 0.2537037037037037
0 0.6398148148148148 0.34305555555555556 0.1388888888888889 0.1361111111111111
0 0.7782407407407408 0.8412037037037037 0.15 0.3138888888888889
0 0.3819444444444444 0.1912037037037037 0.1425925925925926 0.37592592592592594
0 0.7412037037037037 0.7180555555555556 0.12962962962962962 0.14814814814814814
0 0.825 0.48657407407407405 0.14351851851851852 0.3296296296296296
0 0.1865740740740741 0.18425925925925926 0.07962962962962963 0.11851851851851852
0 0.5069444444444444 0.5523148148148148 0.05185185185185185 0.06388888888888888
0 0.5398148148148149 0.9157407407407407 0.06388888888888888 0.10925925925925926
0 0.9217592592592593 0.8453703703703703 0.13425925925925927 0.30648148148148147