0 0.13842592592592592 0.24444444444444444 0.2763888888888889 0.4828703703703704
0 0.625462962962963 0.7 0.11805555555555555 0.33796296296296297
0 0.6337962962962963 0.25092592592592594 0.11296296296296296 0.24351851851851852
0 0.5300925925925926 0.4986111111111111 0.16111111111111112 0.21435185185185185
0 0.5555555555555556 0.07037037037037037 0.1111111111111111 0.14074074074074075
0 0.48333333333333334 0.8717592592592592 0.09259259259259259 0.2564814814814815
0 0.03518518518518519 0.5986111111111111 0.06851851851851852 0.1699074074074074
0 0.43194444444444446 0.662962962962963 0.08518518518518518 0.16620370370370371
0 0.47824074074074074 0.4046296296296296 0.10462962962962963 0.4097222222222222
0 0.2810185185185185 0.37824074074074077 0.09537037037037037 0.21851851851851853
0 0.1111111111111111 0.9587962962962963 0.11342592592592593 0.07592592592592592
0 0.3800925925925926 0.06296296296296296 0.23981481481481481 0.1259259259259259
0 0.01898148148148148 0.7870370370370371 0.03564814814814815 0.1925925925925926