0 0.21481481481481482 0.512962962962963 0.13703703703703704 0.3037037037037037
0 0.36898148148148147 0.5342592592592592 0.1638888888888889 0.2611111111111111
0 0.3148148148148148 0.2162037037037037 0.17407407407407408 0.12222222222222222
0 0.3685185185185185 0.09861111111111111 0.11296296296296296 0.1648148148148148
0 0.7782407407407408 0.6546296296296297 0.18333333333333332 0.2351851851851852
0 0.2518518518518518 0.937962962962963 0.12777777777777777 0.08888888888888889
0 0.8587962962962963 0.45 0.18518518518518517 0.2814814814814815
0 0.07222222222222222 0.5851851851851851 0.14444444444444443 0.30185185185185187
0 0.475 0.15138888888888888 0.1388888888888889 0.18888888888888888
0 0.7 0.3861111111111111 0.1537037037037037 0.29814814814814816
0 0.5921296296296297 0.9236111111111112 0.2 0.14629629629629629
0 0.33287037037037037 0.3888888888888889 0.18055555555555555 0.13425925925925927
0 0.5518518518518518 0.262037037037037 0.18888888888888888 0.19166666666666668
0 0.3851851851851852 0.9180555555555555 0.07962962962962963 0.16018518518518518
0 0.5768518518518518 0.6828703703703703 0.075 0.13425925925925927