0 0.7532407407407408 0.6240740740740741 0.18425925925925926 0.25462962962962965
0 0.5087962962962963 0.9171296296296296 0.2574074074074074 0.16574074074074074
0 0.7837962962962963 0.2662037037037037 0.4324074074074074 0.31203703703703706
0 0.475 0.6037037037037037 0.21574074074074073 0.37037037037037035
0 0.23703703703703705 0.9236111111111112 0.22037037037037038 0.1527777777777778
0 0.7796296296296297 0.45925925925925926 0.2537037037037037 0.11851851851851852
0 0.3375 0.25324074074074077 0.16296296296296298 0.14629629629629629
0 0.5273148148148148 0.07407407407407407 0.18888888888888888 0.1259259259259259
0 0.3490740740740741 0.3888888888888889 0.17037037037037037 0.08703703703703704
0 0.1875 0.3101851851851852 0.14351851851851852 0.1388888888888889
0 0.7490740740740741 0.8819444444444444 0.17962962962962964 0.1425925925925926
0 0.7490740740740741 0.1 0.21666666666666667 0.0962962962962963
0 0.13287037037037036 0.17731481481481481 0.24351851851851852 0.09537037037037037
0 0.5930555555555556 0.5680555555555555 0.1388888888888889 0.12407407407407407
0 0.3578703703703704 0.7875 0.11851851851851852 0.225
0 0.0412037037037037 0.7375 0.07962962962962963 0.175