0 0.40879629629629627 0.22268518518518518 0.1388888888888889 0.24861111111111112
0 0.22361111111111112 0.0875 0.10648148148148148 0.175
0 0.6287037037037037 0.3509259259259259 0.08611111111111111 0.3013888888888889
0 0.26342592592592595 0.6467592592592593 0.09212962962962963 0.175
0 0.3296296296296296 0.11574074074074074 0.08148148148148149 0.225
0 0.4930555555555556 0.4134259259259259 0.04212962962962963 0.10138888888888889
0 0.7537037037037037 0.4671296296296296 0.06388888888888888 0.20925925925925926
0 0.5421296296296296 0.45 0.05 0.1875
0 0.24212962962962964 0.2564814814814815 0.07175925925925926 0.12824074074074074
0 0.3819444444444444 0.8388888888888889 0.07962962962962963 0.2375
0 0.29768518518518516 0.38425925925925924 0.09814814814814815 0.15046296296296297
0 0.6203703703703703 0.6578703703703703 0.08009259259259259 0.14722222222222223
0 0.41064814814814815 0.6532407407407408 0.07824074074074074 0.12546296296296297