0 0.1375 0.16157407407407406 0.275 0.15462962962962962
0 0.8078703703703703 0.39537037037037037 0.2222222222222222 0.10648148148148148
0 0.8180555555555555 0.5157407407407407 0.17592592592592593 0.11851851851851852
0 0.8888888888888888 0.22962962962962963 0.21851851851851853 0.2037037037037037
0 0.4615740740740741 0.3990740740740741 0.2361111111111111 0.1259259259259259
0 0.725 0.5680555555555555 0.13148148148148148 0.03888888888888889
0 0.15462962962962962 0.3375 0.30925925925925923 0.06574074074074074
0 0.1361111111111111 0.046296296296296294 0.2722222222222222 0.09259259259259259
0 0.27175925925925926 0.8671296296296296 0.5435185185185185 0.26296296296296295
0 0.4263888888888889 0.013425925925925926 0.14629629629629629 0.025925925925925925
0 0.5523148148148148 0.6069444444444444 0.21666666666666667 0.06388888888888888
0 0.3263888888888889 0.6444444444444445 0.16574074074074074 0.08888888888888889
0 0.6314814814814815 0.33425925925925926 0.0962962962962963 0.05925925925925926
0 0.3662037037037037 0.7078703703703704 0.17962962962962964 0.053703703703703705
0 0.8888888888888888 0.950925925925926 0.17777777777777778 0.09537037037037037