0 0.274537037037037 0.549074074074074 0.26296296296296295 0.2037037037037037
0 0.40185185185185185 0.6574074074074074 0.15555555555555556 0.2833333333333333
0 0.3902777777777778 0.3560185185185185 0.1814814814814815 0.26944444444444443
0 0.5935185185185186 0.17222222222222222 0.35555555555555557 0.3037037037037037
0 0.8898148148148148 0.25925925925925924 0.22037037037037038 0.19444444444444445
0 0.49907407407407406 0.9212962962962963 0.3425925925925926 0.15185185185185185
0 0.9342592592592592 0.8944444444444445 0.13148148148148148 0.2111111111111111
0 0.7393518518518518 0.7342592592592593 0.45740740740740743 0.27037037037037037
0 0.9078703703703703 0.07222222222222222 0.18425925925925926 0.1388888888888889
0 0.6402777777777777 0.9106481481481481 0.1638888888888889 0.1425925925925926
0 0.22870370370370371 0.3347222222222222 0.11296296296296296 0.1259259259259259
0 0.9472222222222222 0.399537037037037 0.10555555555555556 0.24074074074074073
0 0.5236111111111111 0.350462962962963 0.07222222222222222 0.21666666666666667