0 0.512962962962963 0.21481481481481482 0.3037037037037037 0.1375
0 0.5342592592592592 0.36898148148148147 0.26157407407407407 0.1638888888888889
0 0.2162037037037037 0.3148148148148148 0.12222222222222222 0.17453703703703705
0 0.09861111111111111 0.3685185185185185 0.16527777777777777 0.11296296296296296
0 0.6546296296296297 0.7782407407407408 0.2351851851851852 0.1837962962962963
0 0.937962962962963 0.2518518518518518 0.08842592592592592 0.12824074074074074
0 0.45 0.8587962962962963 0.2814814814814815 0.18472222222222223
0 0.5851851851851851 0.07222222222222222 0.3013888888888889 0.14444444444444443
0 0.15138888888888888 0.475 0.18888888888888888 0.13935185185185187
0 0.3861111111111111 0.7 0.2986111111111111 0.15416666666666667
0 0.9236111111111112 0.5921296296296297 0.14583333333333334 0.19953703703703704
0 0.3888888888888889 0.33287037037037037 0.13425925925925927 0.18055555555555555
0 0.262037037037037 0.5518518518518518 0.19166666666666668 0.18888888888888888
0 0.9180555555555555 0.3851851851851852 0.16018518518518518 0.07916666666666666
0 0.6828703703703703 0.5768518518518518 0.13425925925925927 0.075