0 0.40370370370370373 0.47685185185185186 0.12453703703703704 0.26435185185185184
0 0.625462962962963 0.6657407407407407 0.1337962962962963 0.3685185185185185
0 0.2675925925925926 0.5898148148148148 0.11805555555555555 0.3101851851851852
0 0.8018518518518518 0.0962962962962963 0.0837962962962963 0.19027777777777777
0 0.20092592592592592 0.09444444444444444 0.17777777777777778 0.18888888888888888
0 0.04351851851851852 0.362962962962963 0.08194444444444444 0.37592592592592594
0 0.1597222222222222 0.5416666666666666 0.08194444444444444 0.19074074074074074
0 0.2111111111111111 0.7833333333333333 0.2074074074074074 0.25092592592592594
0 0.016666666666666666 0.09444444444444444 0.03009259259259259 0.18287037037037038
0 0.6958333333333333 0.016666666666666666 0.05694444444444444 0.030555555555555555
0 0.1337962962962963 0.1865740740740741 0.14907407407407408 0.2953703703703704
0 0.8060185185185185 0.6157407407407407 0.06481481481481481 0.19583333333333333
0 0.3574074074074074 0.8972222222222223 0.07453703703703704 0.19907407407407407
0 0.711574074074074 0.7333333333333333 0.16342592592592592 0.4152777777777778
0 0.6069444444444444 0.35185185185185186 0.12685185185185185 0.3
0 0.49212962962962964 0.38564814814814813 0.1125 0.1884259259259259