0 0.7263888888888889 0.7731481481481481 0.24074074074074073 0.21203703703703702
0 0.6782407407407407 0.6342592592592593 0.22037037037037038 0.1425925925925926
0 0.6023148148148149 0.2689814814814815 0.24814814814814815 0.11481481481481481
0 0.6643518518518519 0.15555555555555556 0.18055555555555555 0.1425925925925926
0 0.475 0.5888888888888889 0.10277777777777777 0.14814814814814814
0 0.3768518518518518 0.40370370370370373 0.20925925925925926 0.15925925925925927
0 0.23287037037037037 0.5319444444444444 0.1962962962962963 0.09537037037037037
0 0.5888888888888889 0.4203703703703704 0.23703703703703705 0.1425925925925926
0 0.7291666666666666 0.9009259259259259 0.09722222222222222 0.04259259259259259
0 0.29814814814814816 0.43703703703703706 0.15555555555555556 0.12222222222222222
0 0.6847222222222222 0.5231481481481481 0.21851851851851853 0.12407407407407407
0 0.3439814814814815 0.5814814814814815 0.12962962962962962 0.14907407407407408
0 0.8851851851851852 0.6689814814814815 0.06851851851851852 0.1