0 0.48148148148148145 0.4101851851851852 0.31851851851851853 0.20787037037037037
0 0.7537037037037037 0.6842592592592592 0.2638888888888889 0.2625
0 0.48194444444444445 0.15324074074074073 0.08888888888888889 0.21574074074074073
0 0.3685185185185185 0.10694444444444444 0.15 0.21388888888888888
0 0.9287037037037037 0.33055555555555555 0.1388888888888889 0.24212962962962964
0 0.600925925925926 0.8240740740740741 0.1736111111111111 0.3486111111111111
0 0.3712962962962963 0.27824074074074073 0.20787037037037037 0.1125
0 0.39537037037037037 0.7342592592592593 0.1814814814814815 0.15648148148148147
0 0.4888888888888889 0.5967592592592592 0.2625 0.175
0 0.19907407407407407 0.3638888888888889 0.06388888888888888 0.14351851851851852
0 0.21342592592592594 0.25925925925925924 0.07361111111111111 0.08425925925925926
0 0.8138888888888889 0.16574074074074074 0.06851851851851852 0.16574074074074074
0 0.6638888888888889 0.3814814814814815 0.05925925925925926 0.10324074074074074