0 0.600925925925926 0.4273148148148148 0.30462962962962964 0.16666666666666666
0 0.3726851851851852 0.33611111111111114 0.1259259259259259 0.2814814814814815
0 0.4537037037037037 0.6476851851851851 0.1388888888888889 0.2740740740740741
0 0.08194444444444444 0.47962962962962963 0.09537037037037037 0.23148148148148148
0 0.1361111111111111 0.1361111111111111 0.15925925925925927 0.26851851851851855
0 0.3314814814814815 0.6212962962962963 0.10648148148148148 0.17037037037037037
0 0.2273148148148148 0.2912037037037037 0.1259259259259259 0.14537037037037037
0 0.30925925925925923 0.40879629629629627 0.09074074074074075 0.17037037037037037
0 0.34074074074074073 0.20694444444444443 0.09074074074074075 0.15185185185185185
0 0.1638888888888889 0.3384259259259259 0.09074074074074075 0.11666666666666667
0 0.020370370370370372 0.1 0.037037037037037035 0.1962962962962963
0 0.35555555555555557 0.736574074074074 0.06388888888888888 0.1425925925925926
0 0.9203703703703704 0.34305555555555556 0.14351851851851852 0.1574074074074074
0 0.07407407407407407 0.8342592592592593 0.1425925925925926 0.287962962962963