0 0.7064814814814815 0.5745370370370371 0.15694444444444444 0.09444444444444444
0 0.6296296296296297 0.44814814814814813 0.20324074074074075 0.11574074074074074
0 0.6472222222222223 0.6800925925925926 0.10185185185185185 0.09583333333333334
0 0.9430555555555555 0.6375 0.10462962962962963 0.08333333333333333
0 0.26805555555555555 0.49907407407407406 0.11018518518518519 0.03657407407407407
0 0.30185185185185187 0.4393518518518518 0.125 0.06481481481481481
0 0.8458333333333333 0.5365740740740741 0.09537037037037037 0.11990740740740741
0 0.7657407407407407 0.6731481481481482 0.12268518518518519 0.07824074074074074
0 0.7814814814814814 0.44537037037037036 0.1412037037037037 0.06157407407407407
0 0.8981481481481481 0.4912037037037037 0.08055555555555556 0.08287037037037037
0 0.8773148148148148 0.6953703703703704 0.08981481481481482 0.058333333333333334
0 0.5185185185185185 0.7898148148148149 0.10740740740740741 0.10231481481481482
0 0.35694444444444445 0.787962962962963 0.15092592592592594 0.06944444444444445
0 0.7175925925925926 0.7611111111111111 0.09675925925925925 0.056018518518518516
0 0.09768518518518518 0.6287037037037037 0.10092592592592593 0.07037037037037037
0 0.3074074074074074 0.725925925925926 0.2462962962962963 0.07962962962962963
0 0.5736111111111111 0.5925925925925926 0.12731481481481483 0.06805555555555555
0 0.9680555555555556 0.575 0.06388888888888888 0.053703703703703705
0 0.26481481481481484 0.638425925925926 0.15787037037037038 0.06481481481481481
0 0.10601851851851851 0.5398148148148149 0.12175925925925926 0.11435185185185186