0 0.10555555555555556 0.0587962962962963 0.1638888888888889 0.11712962962962963
0 0.49675925925925923 0.1712962962962963 0.11851851851851852 0.18287037037037038
0 0.4875 0.5694444444444444 0.05324074074074074 0.1986111111111111
0 0.7625 0.42962962962962964 0.05 0.15925925925925927
0 0.6782407407407407 0.2814814814814815 0.0625 0.2
0 0.4236111111111111 0.725 0.08148148148148149 0.1685185185185185
0 0.8217592592592593 0.9384259259259259 0.05324074074074074 0.12037037037037036
0 0.36157407407407405 0.04537037037037037 0.08888888888888889 0.09074074074074075
0 0.3625 0.16620370370370371 0.06574074074074074 0.12361111111111112
0 0.4412037037037037 0.07592592592592592 0.06111111111111111 0.15138888888888888
0 0.33287037037037037 0.5365740740740741 0.075 0.16111111111111112
0 0.39675925925925926 0.40925925925925927 0.05324074074074074 0.18425925925925926