0 0.13842592592592592 0.7555555555555555 0.2759259259259259 0.48333333333333334
0 0.625462962962963 0.3 0.11851851851851852 0.33796296296296297
0 0.6337962962962963 0.7490740740740741 0.11296296296296296 0.24351851851851852
0 0.5300925925925926 0.5013888888888889 0.16111111111111112 0.21481481481481482
0 0.5555555555555556 0.9296296296296296 0.1111111111111111 0.14074074074074075
0 0.48333333333333334 0.12824074074074074 0.09259259259259259 0.2564814814814815
0 0.03518518518518519 0.4013888888888889 0.06851851851851852 0.17037037037037037
0 0.43194444444444446 0.337037037037037 0.08518518518518518 0.16666666666666666
0 0.47824074074074074 0.5953703703703703 0.10462962962962963 0.40925925925925927
0 0.2810185185185185 0.6217592592592592 0.09537037037037037 0.21851851851851853
0 0.1111111111111111 0.0412037037037037 0.11296296296296296 0.07592592592592592
0 0.3800925925925926 0.937037037037037 0.23981481481481481 0.1259259259259259
0 0.01898148148148148 0.21296296296296297 0.03518518518518519 0.1925925925925926