0 0.11203703703703703 0.524537037037037 0.21851851851851853 0.15925925925925927
0 0.9194444444444444 0.8819444444444444 0.16111111111111112 0.22962962962962963
0 0.09675925925925925 0.7212962962962963 0.17962962962962964 0.12962962962962962
0 0.3375 0.3375 0.3 0.24074074074074073
0 0.562037037037037 0.5041666666666667 0.14537037037037037 0.1287037037037037
0 0.39537037037037037 0.9208333333333333 0.30277777777777776 0.15833333333333333
0 0.7101851851851851 0.5203703703703704 0.1814814814814815 0.12407407407407407
0 0.7324074074074074 0.749537037037037 0.23703703703703705 0.14444444444444443
0 0.44907407407407407 0.019444444444444445 0.1111111111111111 0.03888888888888889
0 0.6648148148148149 0.28888888888888886 0.06481481481481481 0.09074074074074075
0 0.40925925925925927 0.562962962962963 0.16666666666666666 0.1287037037037037
0 0.825925925925926 0.038425925925925926 0.16296296296296298 0.07592592592592592
0 0.975462962962963 0.7027777777777777 0.049074074074074076 0.14537037037037037
0 0.3736111111111111 0.020833333333333332 0.2861111111111111 0.041666666666666664
0 0.4930555555555556 0.7060185185185185 0.11851851851851852 0.14629629629629629
0 0.8629629629629629 0.6180555555555556 0.24259259259259258 0.17314814814814813
0 0.20185185185185187 0.7837962962962963 0.17314814814814813 0.10833333333333334