0 0.513425925925926 0.5694444444444444 0.24444444444444444 0.18333333333333332
0 0.825462962962963 0.6726851851851852 0.3388888888888889 0.13240740740740742
0 0.29444444444444445 0.5259259259259259 0.2972222222222222 0.18518518518518517
0 0.6564814814814814 0.29444444444444445 0.2111111111111111 0.09259259259259259
0 0.07083333333333333 0.06620370370370371 0.14166666666666666 0.13240740740740742
0 0.2800925925925926 0.36666666666666664 0.2935185185185185 0.11481481481481481
0 0.06898148148148148 0.337037037037037 0.13425925925925927 0.12129629629629629
0 0.5120370370370371 0.37777777777777777 0.12314814814814815 0.09074074074074075
0 0.22592592592592592 0.44675925925925924 0.2212962962962963 0.06666666666666667
0 0.09722222222222222 0.549537037037037 0.12407407407407407 0.10185185185185185
0 0.37037037037037035 0.2361111111111111 0.4361111111111111 0.13148148148148148
0 0.5393518518518519 0.7217592592592592 0.2361111111111111 0.08333333333333333
0 0.046296296296296294 0.4638888888888889 0.09074074074074075 0.11203703703703703
0 0.059722222222222225 0.8759259259259259 0.11944444444444445 0.24814814814814815
0 0.27824074074074073 0.9375 0.2777777777777778 0.125
0 0.11388888888888889 0.8689814814814815 0.22777777777777777 0.2564814814814815
0 0.12453703703703704 0.65 0.2222222222222222 0.07314814814814814
0 0.6597222222222222 0.41805555555555557 0.14444444444444443 0.06851851851851852
0 0.6449074074074074 0.20787037037037037 0.1638888888888889 0.09074074074074075