0 0.22268518518518518 0.40879629629629627 0.24814814814814815 0.1388888888888889
0 0.0875 0.22361111111111112 0.175 0.10648148148148148
0 0.3509259259259259 0.6287037037037037 0.30185185185185187 0.08611111111111111
0 0.6467592592592593 0.26342592592592595 0.175 0.09259259259259259
0 0.11574074074074074 0.3296296296296296 0.225 0.08148148148148149
0 0.4134259259259259 0.4930555555555556 0.10185185185185185 0.04259259259259259
0 0.4671296296296296 0.7537037037037037 0.20925925925925926 0.06388888888888888
0 0.45 0.5421296296296296 0.18703703703703703 0.05
0 0.2564814814814815 0.24212962962962964 0.12777777777777777 0.07222222222222222
0 0.8388888888888889 0.3819444444444444 0.23703703703703705 0.07962962962962963
0 0.38425925925925924 0.29768518518518516 0.15 0.09814814814814815
0 0.6578703703703703 0.6203703703703703 0.14722222222222223 0.07962962962962963
0 0.6532407407407408 0.41064814814814815 0.1259259259259259 0.07777777777777778