0 0.6111111111111112 0.23842592592592593 0.1550925925925926 0.34120370370370373
0 0.7194444444444444 0.1125 0.2013888888888889 0.225
0 0.053703703703703705 0.18333333333333332 0.10740740740740741 0.27685185185185185
0 0.5601851851851852 0.8680555555555556 0.10185185185185185 0.26064814814814813
0 0.6847222222222222 0.6861111111111111 0.13703703703703704 0.2689814814814815
0 0.5958333333333333 0.700925925925926 0.0712962962962963 0.15324074074074073
0 0.16342592592592592 0.3453703703703704 0.11666666666666667 0.3162037037037037
0 0.7037037037037037 0.4787037037037037 0.09074074074074075 0.2074074074074074
0 0.8097222222222222 0.637962962962963 0.06574074074074074 0.15925925925925927
0 0.2953703703703704 0.875 0.17916666666666667 0.25
0 0.9712962962962963 0.7615740740740741 0.05740740740740741 0.21388888888888888
0 0.46620370370370373 0.3921296296296296 0.10972222222222222 0.29814814814814816
0 0.3449074074074074 0.5458333333333333 0.06944444444444445 0.3638888888888889
0 0.4166666666666667 0.7439814814814815 0.06527777777777778 0.1412037037037037
0 0.8847222222222222 0.6199074074074075 0.060648148148148145 0.1837962962962963
0 0.20277777777777778 0.7212962962962963 0.058333333333333334 0.2611111111111111
0 0.9537037037037037 0.987037037037037 0.09259259259259259 0.025925925925925925