0 0.5861111111111111 0.8046296296296296 0.26851851851851855 0.09351851851851851
0 0.12361111111111112 0.4648148148148148 0.20925925925925926 0.13333333333333333
0 0.34305555555555556 0.49907407407407406 0.22962962962962963 0.09537037037037037
0 0.5486111111111112 0.6055555555555555 0.28425925925925927 0.05462962962962963
0 0.8078703703703703 0.7296296296296296 0.13703703703703704 0.10648148148148148
0 0.7907407407407407 0.5162037037037037 0.09351851851851851 0.07407407407407407
0 0.5337962962962963 0.7013888888888888 0.29814814814814816 0.1037037037037037
0 0.3226851851851852 0.08425925925925926 0.2740740740740741 0.13703703703703704
0 0.8842592592592593 0.6342592592592593 0.22777777777777777 0.06574074074074074
0 0.07407407407407407 0.8736111111111111 0.1111111111111111 0.07222222222222222
0 0.08425925925925926 0.3648148148148148 0.1537037037037037 0.07407407407407407