0 0.5365740740740741 0.10138888888888889 0.41388888888888886 0.14351851851851852
0 0.5412037037037037 0.5921296296296297 0.24537037037037038 0.2064814814814815
0 0.6421296296296296 0.4615740740740741 0.44351851851851853 0.10185185185185185
0 0.7462962962962963 0.29768518518518516 0.5074074074074074 0.14537037037037037
0 0.05925925925925926 0.6509259259259259 0.11574074074074074 0.12962962962962962
0 0.35555555555555557 0.8412037037037037 0.3138888888888889 0.17037037037037037
0 0.09444444444444444 0.8462962962962963 0.18611111111111112 0.17407407407407408
0 0.7296296296296296 0.6388888888888888 0.2064814814814815 0.18425925925925926
0 0.7546296296296297 0.39675925925925926 0.2935185185185185 0.07222222222222222
0 0.1726851851851852 0.23425925925925925 0.3425925925925926 0.1537037037037037
0 0.7935185185185185 0.9078703703703703 0.25925925925925924 0.09722222222222222