0 0.4537037037037037 0.4648148148148148 0.1388888888888889 0.3333333333333333
0 0.6601851851851852 0.2611111111111111 0.12037037037037036 0.2
0 0.3638888888888889 0.23055555555555557 0.2037037037037037 0.16111111111111112
0 0.8453703703703703 0.6763888888888889 0.07222222222222222 0.15648148148148147
0 0.5564814814814815 0.32731481481481484 0.14074074074074075 0.24814814814814815
0 0.6842592592592592 0.5226851851851851 0.2064814814814815 0.17592592592592593
0 0.7532407407407408 0.65 0.15648148148148147 0.14074074074074075
0 0.8782407407407408 0.2953703703703704 0.14629629629629629 0.10925925925925926
0 0.7555555555555555 0.3375 0.09814814814814815 0.2037037037037037
0 0.8569444444444444 0.47824074074074074 0.10740740740740741 0.1935185185185185
0 0.9069444444444444 0.5537037037037037 0.10185185185185185 0.08333333333333333
0 0.9412037037037037 0.7921296296296296 0.09259259259259259 0.11296296296296296
0 0.8398148148148148 0.15694444444444444 0.1388888888888889 0.10462962962962963
0 0.575925925925926 0.10694444444444444 0.09259259259259259 0.2111111111111111