0 0.5587962962962963 0.9296296296296296 0.38333333333333336 0.0787037037037037
0 0.5814814814814815 0.3087962962962963 0.2462962962962963 0.10740740740740741
0 0.6671296296296296 0.8194444444444444 0.2722222222222222 0.07037037037037037
0 0.43148148148148147 0.7087962962962963 0.21851851851851853 0.06388888888888888
0 0.2037037037037037 0.625 0.27037037037037037 0.2064814814814815
0 0.913425925925926 0.850925925925926 0.13333333333333333 0.09814814814814815
0 0.44675925925925924 0.6361111111111111 0.125 0.05
0 0.6712962962962963 0.4837962962962963 0.14814814814814814 0.07407407407407407
0 0.1259259259259259 0.4046296296296296 0.1925925925925926 0.12222222222222222
0 0.08055555555555556 0.5407407407407407 0.1574074074074074 0.08796296296296297
0 0.46944444444444444 0.4162037037037037 0.2074074074074074 0.08611111111111111
0 0.7342592592592593 0.30648148148148147 0.15648148148148147 0.10648148148148148
0 0.4648148148148148 0.5023148148148148 0.08333333333333333 0.05740740740740741
0 0.700925925925926 0.711574074074074 0.1388888888888889 0.08333333333333333
0 0.3296296296296296 0.44305555555555554 0.1685185185185185 0.16111111111111112
0 0.5388888888888889 0.7763888888888889 0.23148148148148148 0.053703703703703705
0 0.9564814814814815 0.4912037037037037 0.08703703703703704 0.06574074074074074