0 0.4351851851851852 0.4842592592592593 0.32037037037037036 0.14074074074074075
0 0.24212962962962964 0.6875 0.2037037037037037 0.11851851851851852
0 0.6671296296296296 0.8587962962962963 0.1537037037037037 0.07407407407407407
0 0.30648148148148147 0.586574074074074 0.24351851851851852 0.1361111111111111
0 0.5092592592592593 0.7013888888888888 0.175 0.2037037037037037
0 0.32037037037037036 0.7814814814814814 0.2037037037037037 0.0962962962962963
0 0.6365740740740741 0.7662037037037037 0.1388888888888889 0.15462962962962962
0 0.2759259259259259 0.9 0.1111111111111111 0.14074074074074075
0 0.5462962962962963 0.9203703703703704 0.08333333333333333 0.1037037037037037
0 0.46805555555555556 0.8685185185185185 0.1925925925925926 0.1037037037037037
0 0.4388888888888889 0.2013888888888889 0.08148148148148149 0.1037037037037037
0 0.2064814814814815 0.3990740740740741 0.15925925925925927 0.19537037037037036
0 0.07731481481481481 0.6194444444444445 0.15185185185185185 0.08611111111111111
0 0.1259259259259259 0.8740740740740741 0.12962962962962962 0.1574074074074074