0 0.7157407407407408 0.7893518518518519 0.09861111111111111 0.1824074074074074
0 0.7351851851851852 0.4152777777777778 0.17453703703703705 0.475462962962963
0 0.39537037037037037 0.7662037037037037 0.0912037037037037 0.25046296296296294
0 0.5546296296296296 0.8398148148148148 0.10833333333333334 0.15
0 0.5486111111111112 0.2722222222222222 0.14166666666666666 0.16574074074074074
0 0.33564814814814814 0.8912037037037037 0.07546296296296297 0.21203703703703702
0 0.6569444444444444 0.6796296296296296 0.07361111111111111 0.1865740740740741
0 0.5800925925925926 0.9592592592592593 0.0712962962962963 0.07546296296296297
0 0.9601851851851851 0.7638888888888888 0.07175925925925926 0.21666666666666667
0 0.5342592592592592 0.42453703703703705 0.1361111111111111 0.21064814814814814
0 0.49675925925925923 0.9402777777777778 0.09861111111111111 0.11296296296296296
0 0.7467592592592592 0.9194444444444444 0.07916666666666666 0.1537037037037037
0 0.6439814814814815 0.9777777777777777 0.075 0.044444444444444446
0 0.9763888888888889 0.1259259259259259 0.04675925925925926 0.08888888888888889
0 0.4527777777777778 0.3314814814814815 0.08009259259259259 0.1449074074074074
0 0.6467592592592593 0.5273148148148148 0.09814814814814815 0.14305555555555555
0 0.9462962962962963 0.2912037037037037 0.10694444444444444 0.1050925925925926
0 0.6175925925925926 0.06574074074074074 0.16435185185185186 0.13148148148148148