0 0.43657407407407406 0.33055555555555555 0.2759259259259259 0.19537037037037036
0 0.6861111111111111 0.5569444444444445 0.2537037037037037 0.13333333333333333
0 0.6569444444444444 0.36018518518518516 0.1361111111111111 0.1388888888888889
0 0.1587962962962963 0.22175925925925927 0.3138888888888889 0.15
0 0.8087962962962963 0.6180555555555556 0.37592592592592594 0.1425925925925926
0 0.28194444444444444 0.2587962962962963 0.14814814814814814 0.12962962962962962
0 0.513425925925926 0.175 0.3296296296296296 0.14351851851851852
0 0.8157407407407408 0.8134259259259259 0.11851851851851852 0.07962962962962963
0 0.4476851851851852 0.4930555555555556 0.06388888888888888 0.05185185185185185
0 0.08425925925925926 0.4601851851851852 0.10925925925925926 0.06388888888888888
0 0.15462962962962962 0.07824074074074074 0.30648148148148147 0.13425925925925927