0 0.6259259259259259 0.5412037037037037 0.27037037037037037 0.5013888888888889
0 0.7314814814814815 0.8648148148148148 0.20324074074074075 0.2671296296296296
0 0.5009259259259259 0.3476851851851852 0.18888888888888888 0.21388888888888888
0 0.37962962962962965 0.6162037037037037 0.2064814814814815 0.25787037037037036
0 0.5712962962962963 0.06111111111111111 0.1111111111111111 0.12175925925925926
0 0.45694444444444443 0.09444444444444444 0.2013888888888889 0.18888888888888888
0 0.3648148148148148 0.4601851851851852 0.07962962962962963 0.19537037037037036
0 0.41944444444444445 0.3037037037037037 0.1388888888888889 0.2611111111111111
0 0.9236111111111112 0.5069444444444444 0.15 0.5296296296296297
0 0.7157407407407408 0.12037037037037036 0.13148148148148148 0.24074074074074073
0 0.5444444444444444 0.8592592592592593 0.24537037037037038 0.27824074074074073