0 0.24444444444444444 0.861574074074074 0.48333333333333334 0.27685185185185185
0 0.7 0.37453703703703706 0.33796296296296297 0.11851851851851852
0 0.25092592592592594 0.3662037037037037 0.24351851851851852 0.11296296296296296
0 0.4986111111111111 0.4699074074074074 0.21481481481481482 0.16111111111111112
0 0.07037037037037037 0.4444444444444444 0.14074074074074075 0.1111111111111111
0 0.8717592592592592 0.5166666666666667 0.2564814814814815 0.09259259259259259
0 0.5986111111111111 0.9648148148148148 0.17037037037037037 0.06851851851851852
0 0.662962962962963 0.5680555555555555 0.16666666666666666 0.08518518518518518
0 0.4046296296296296 0.5217592592592593 0.40925925925925927 0.10462962962962963
0 0.37824074074074077 0.7189814814814814 0.21851851851851853 0.09537037037037037
0 0.9587962962962963 0.8888888888888888 0.07592592592592592 0.11296296296296296
0 0.06296296296296296 0.6199074074074075 0.1259259259259259 0.23981481481481481
0 0.7870370370370371 0.9810185185185185 0.1925925925925926 0.03611111111111111