0 0.7138888888888889 0.36203703703703705 0.12037037037037036 0.2962962962962963
0 0.2712962962962963 0.7476851851851852 0.24259259259259258 0.337037037037037
0 0.48148148148148145 0.15462962962962962 0.10925925925925926 0.2574074074074074
0 0.08101851851851852 0.5787037037037037 0.16203703703703703 0.34444444444444444
0 0.45092592592592595 0.5425925925925926 0.15 0.4351851851851852
0 0.6310185185185185 0.5888888888888889 0.11481481481481481 0.43703703703703706
0 0.13703703703703704 0.10138888888888889 0.08055555555555556 0.20185185185185187
0 0.6125 0.15555555555555556 0.11851851851851852 0.22037037037037038
0 0.2449074074074074 0.950925925925926 0.19444444444444445 0.09537037037037037
0 0.05324074074074074 0.8861111111111111 0.10555555555555556 0.22777777777777777
0 0.30648148148148147 0.43842592592592594 0.11574074074074074 0.16111111111111112