0 0.4824074074074074 0.1111111111111111 0.14074074074074075 0.2212962962962963
0 0.48657407407407405 0.8888888888888888 0.10138888888888889 0.21388888888888888
0 0.25277777777777777 0.5615740740740741 0.10416666666666667 0.20046296296296295
0 0.3125 0.09166666666666666 0.09953703703703703 0.1638888888888889
0 0.34953703703703703 0.24305555555555555 0.12824074074074074 0.1537037037037037
0 0.25416666666666665 0.7291666666666666 0.10740740740740741 0.11944444444444445
0 0.7245370370370371 0.25555555555555554 0.05694444444444444 0.25092592592592594
0 0.3425925925925926 0.7208333333333333 0.0875 0.09259259259259259
0 0.4064814814814815 0.5962962962962963 0.06574074074074074 0.1449074074074074
0 0.3351851851851852 0.41203703703703703 0.07916666666666666 0.20555555555555555
0 0.5486111111111112 0.6439814814814815 0.07083333333333333 0.2625
0 0.4134259259259259 0.033796296296296297 0.06111111111111111 0.06712962962962964
0 0.736574074074074 0.49675925925925923 0.14629629629629629 0.3148148148148148