0 0.47685185185185186 0.40370370370370373 0.26481481481481484 0.12407407407407407
0 0.6657407407407407 0.625462962962963 0.3685185185185185 0.13333333333333333
0 0.5898148148148148 0.2675925925925926 0.3101851851851852 0.11851851851851852
0 0.0962962962962963 0.8018518518518518 0.19074074074074074 0.08425925925925926
0 0.09444444444444444 0.20092592592592592 0.18888888888888888 0.17777777777777778
0 0.362962962962963 0.04351851851851852 0.37592592592592594 0.08148148148148149
0 0.5416666666666666 0.1597222222222222 0.19074074074074074 0.08148148148148149
0 0.7833333333333333 0.2111111111111111 0.25092592592592594 0.2074074074074074
0 0.09444444444444444 0.016666666666666666 0.18333333333333332 0.02962962962962963
0 0.016666666666666666 0.6958333333333333 0.030555555555555555 0.05740740740740741
0 0.1865740740740741 0.1337962962962963 0.2953703703703704 0.14907407407407408
0 0.6157407407407407 0.8060185185185185 0.1962962962962963 0.06481481481481481
0 0.8972222222222223 0.3574074074074074 0.19907407407407407 0.07407407407407407
0 0.7333333333333333 0.711574074074074 0.4148148148148148 0.1638888888888889
0 0.35185185185185186 0.6069444444444444 0.3 0.12685185185185185
0 0.38564814814814813 0.49212962962962964 0.18888888888888888 0.11296296296296296