0 0.16157407407407406 0.1375 0.15462962962962962 0.275
0 0.39537037037037037 0.8078703703703703 0.10648148148148148 0.22175925925925927
0 0.5157407407407407 0.8180555555555555 0.11851851851851852 0.1763888888888889
0 0.22962962962962963 0.8888888888888888 0.20324074074074075 0.21851851851851853
0 0.3990740740740741 0.4615740740740741 0.12638888888888888 0.2361111111111111
0 0.5680555555555555 0.725 0.03888888888888889 0.13148148148148148
0 0.3375 0.15462962962962962 0.06574074074074074 0.30925925925925923
0 0.046296296296296294 0.1361111111111111 0.09212962962962963 0.27175925925925926
0 0.8671296296296296 0.27175925925925926 0.2625 0.5435185185185185
0 0.013425925925925926 0.4263888888888889 0.02638888888888889 0.14675925925925926
0 0.6069444444444444 0.5523148148148148 0.06388888888888888 0.21712962962962962
0 0.6444444444444445 0.3263888888888889 0.08888888888888889 0.16574074074074074
0 0.33425925925925926 0.6314814814814815 0.05925925925925926 0.09675925925925925
0 0.7078703703703704 0.3662037037037037 0.05324074074074074 0.17962962962962964
0 0.950925925925926 0.8888888888888888 0.09537037037037037 0.17824074074074073