0 0.7101851851851851 0.49675925925925923 0.22592592592592592 0.09351851851851851
0 0.5412037037037037 0.6953703703703704 0.2796296296296296 0.1
0 0.26851851851851855 0.7273148148148149 0.1537037037037037 0.10185185185185185
0 0.7263888888888889 0.0962962962962963 0.26296296296296295 0.12962962962962962
0 0.49444444444444446 0.7953703703703704 0.24814814814814815 0.09074074074074075
0 0.2587962962962963 0.5171296296296296 0.09537037037037037 0.07222222222222222
0 0.05925925925925926 0.23194444444444445 0.11851851851851852 0.10740740740740741
0 0.1912037037037037 0.6351851851851852 0.2388888888888889 0.06388888888888888
0 0.9087962962962963 0.4601851851851852 0.17962962962962964 0.1259259259259259
0 0.9375 0.8523148148148149 0.11296296296296296 0.06666666666666667
0 0.5217592592592593 0.6032407407407407 0.26851851851851855 0.05648148148148148