0 0.46574074074074073 0.7523148148148148 0.13425925925925927 0.22592592592592592
0 0.39444444444444443 0.4930555555555556 0.08611111111111111 0.27037037037037037
0 0.7921296296296296 0.736574074074074 0.1685185185185185 0.24814814814814815
0 0.1986111111111111 0.5476851851851852 0.2564814814814815 0.34814814814814815
0 0.6444444444444445 0.6935185185185185 0.09814814814814815 0.15925925925925927
0 0.31574074074074077 0.8657407407407407 0.15648148148148147 0.26851851851851855
0 0.35 0.12962962962962962 0.24074074074074073 0.16574074074074074
0 0.1125 0.09074074074074075 0.1814814814814815 0.17777777777777778
0 0.11944444444444445 0.8680555555555556 0.2361111111111111 0.2638888888888889
0 0.5907407407407408 0.4046296296296296 0.2462962962962963 0.45925925925925926
0 0.8263888888888888 0.07592592592592592 0.09074074074074075 0.14814814814814814
0 0.7148148148148148 0.6069444444444444 0.07592592592592592 0.14537037037037037
0 0.7111111111111111 0.17592592592592593 0.10925925925925926 0.21666666666666667