0 0.44305555555555554 0.3060185185185185 0.21898148148148147 0.21388888888888888
0 0.524537037037037 0.7333333333333333 0.1310185185185185 0.12083333333333333
0 0.6643518518518519 0.5287037037037037 0.10833333333333334 0.19212962962962962
0 0.2162037037037037 0.7337962962962963 0.06898148148148148 0.2152777777777778
0 0.7282407407407407 0.4597222222222222 0.1361111111111111 0.11851851851851852
0 0.3912037037037037 0.5981481481481481 0.1412037037037037 0.1986111111111111
0 0.5611111111111111 0.5662037037037037 0.08796296296296297 0.2199074074074074
0 0.35462962962962963 0.13842592592592592 0.055092592592592596 0.05185185185185185
0 0.4310185185185185 0.8217592592592593 0.06527777777777778 0.19953703703703704
0 0.300462962962963 0.6273148148148148 0.11435185185185186 0.1638888888888889
0 0.3925925925925926 0.7180555555555556 0.10231481481481482 0.09351851851851851
0 0.4388888888888889 0.15462962962962962 0.07685185185185185 0.044444444444444446
0 0.5064814814814815 0.6134259259259259 0.07731481481481481 0.0912037037037037
0 0.4986111111111111 0.10416666666666667 0.08425925925925926 0.07407407407407407
0 0.20462962962962963 0.10231481481481482 0.11527777777777778 0.07083333333333333