0 0.23842592592592593 0.6111111111111112 0.34074074074074073 0.15555555555555556
0 0.1125 0.7194444444444444 0.225 0.20185185185185187
0 0.18333333333333332 0.053703703703703705 0.27685185185185185 0.10740740740740741
0 0.8680555555555556 0.5601851851851852 0.2611111111111111 0.10185185185185185
0 0.6861111111111111 0.6847222222222222 0.26851851851851855 0.13703703703703704
0 0.700925925925926 0.5958333333333333 0.1537037037037037 0.0712962962962963
0 0.3453703703703704 0.16342592592592592 0.31666666666666665 0.11666666666666667
0 0.4787037037037037 0.7037037037037037 0.2074074074074074 0.09074074074074075
0 0.637962962962963 0.8097222222222222 0.15925925925925927 0.06574074074074074
0 0.875 0.2953703703703704 0.25 0.17962962962962964
0 0.7615740740740741 0.9712962962962963 0.21388888888888888 0.05740740740740741
0 0.3921296296296296 0.46620370370370373 0.29814814814814816 0.10925925925925926
0 0.5458333333333333 0.3449074074074074 0.3638888888888889 0.06944444444444445
0 0.7439814814814815 0.4166666666666667 0.14074074074074075 0.06481481481481481
0 0.6199074074074075 0.8847222222222222 0.18333333333333332 0.06111111111111111
0 0.7212962962962963 0.20277777777777778 0.2611111111111111 0.058333333333333334
0 0.987037037037037 0.9537037037037037 0.025925925925925925 0.09259259259259259