0 0.5231481481481481 0.5962962962962963 0.26481481481481484 0.12407407407407407
0 0.33425925925925926 0.37453703703703706 0.3685185185185185 0.13333333333333333
0 0.4101851851851852 0.7324074074074074 0.3101851851851852 0.11851851851851852
0 0.9037037037037037 0.19814814814814816 0.19074074074074074 0.08333333333333333
0 0.9055555555555556 0.799074074074074 0.18888888888888888 0.17777777777777778
0 0.6370370370370371 0.9564814814814815 0.37592592592592594 0.0824074074074074
0 0.4583333333333333 0.8402777777777778 0.19074074074074074 0.08148148148148149
0 0.21666666666666667 0.7888888888888889 0.25092592592592594 0.2074074074074074
0 0.9055555555555556 0.9833333333333333 0.18333333333333332 0.030555555555555555
0 0.9833333333333333 0.30416666666666664 0.030555555555555555 0.05740740740740741
0 0.8134259259259259 0.8662037037037037 0.2953703703703704 0.14907407407407408
0 0.38425925925925924 0.19398148148148148 0.1962962962962963 0.06481481481481481
0 0.10277777777777777 0.6425925925925926 0.19907407407407407 0.075
0 0.26666666666666666 0.2884259259259259 0.4148148148148148 0.16296296296296298
0 0.6481481481481481 0.39305555555555555 0.3 0.12685185185185185
0 0.6143518518518518 0.5078703703703704 0.18888888888888888 0.11296296296296296