0 0.3675925925925926 0.924537037037037 0.09583333333333334 0.09351851851851851
0 0.41574074074074074 0.18518518518518517 0.10046296296296296 0.15092592592592594
0 0.5106481481481482 0.7074074074074074 0.09537037037037037 0.11203703703703703
0 0.44675925925925924 0.33240740740740743 0.08981481481481482 0.14583333333333334
0 0.40324074074074073 0.6393518518518518 0.08194444444444444 0.21481481481481482
0 0.3416666666666667 0.07037037037037037 0.08796296296296297 0.1111111111111111
0 0.5166666666666667 0.5226851851851851 0.10277777777777777 0.19675925925925927
0 0.3592592592592593 0.8055555555555556 0.07685185185185185 0.12731481481481483
0 0.44675925925925924 0.9819444444444444 0.08981481481481482 0.03611111111111111
0 0.32731481481481484 0.21666666666666667 0.06388888888888888 0.15462962962962962
0 0.35185185185185186 0.35462962962962963 0.07037037037037037 0.10324074074074074
0 0.6148148148148148 0.55 0.05740740740740741 0.1814814814814815