0 0.9412037037037037 0.10555555555555556 0.11666666666666667 0.1638888888888889
0 0.8287037037037037 0.49675925925925923 0.18333333333333332 0.11851851851851852
0 0.4305555555555556 0.4875 0.19814814814814816 0.053703703703703705
0 0.5703703703703704 0.7625 0.15925925925925927 0.05
0 0.7185185185185186 0.6782407407407407 0.2 0.06296296296296296
0 0.275 0.4236111111111111 0.1685185185185185 0.08148148148148149
0 0.06157407407407407 0.8217592592592593 0.12037037037037036 0.053703703703703705
0 0.9546296296296296 0.36157407407407405 0.09074074074074075 0.08888888888888889
0 0.8337962962962963 0.3625 0.12407407407407407 0.06574074074074074
0 0.924074074074074 0.4412037037037037 0.15185185185185185 0.06111111111111111
0 0.4634259259259259 0.33287037037037037 0.16111111111111112 0.075
0 0.5907407407407408 0.39675925925925926 0.18425925925925926 0.053703703703703705