0 0.11203703703703703 0.475462962962963 0.21851851851851853 0.15925925925925927
0 0.9194444444444444 0.11805555555555555 0.16111111111111112 0.22962962962962963
0 0.09675925925925925 0.27870370370370373 0.17962962962962964 0.12962962962962962
0 0.3375 0.6625 0.3 0.24074074074074073
0 0.562037037037037 0.49583333333333335 0.14537037037037037 0.1287037037037037
0 0.39537037037037037 0.07916666666666666 0.30277777777777776 0.15833333333333333
0 0.7101851851851851 0.47962962962962963 0.1814814814814815 0.12407407407407407
0 0.7324074074074074 0.25046296296296294 0.23703703703703705 0.14444444444444443
0 0.44907407407407407 0.9805555555555555 0.1111111111111111 0.03888888888888889
0 0.6648148148148149 0.7111111111111111 0.06481481481481481 0.09074074074074075
0 0.40925925925925927 0.43703703703703706 0.16666666666666666 0.1287037037037037
0 0.825925925925926 0.961574074074074 0.16296296296296298 0.07685185185185185
0 0.975462962962963 0.2972222222222222 0.049074074074074076 0.14444444444444443
0 0.3736111111111111 0.9791666666666666 0.2861111111111111 0.041666666666666664
0 0.4930555555555556 0.29398148148148145 0.11851851851851852 0.14629629629629629
0 0.8629629629629629 0.3819444444444444 0.24259259259259258 0.17314814814814813
0 0.20185185185185187 0.2162037037037037 0.17314814814814813 0.10740740740740741