0 0.19490740740740742 0.5814814814814815 0.27037037037037037 0.15925925925925927
0 0.6722222222222223 0.7537037037037037 0.18888888888888888 0.10833333333333334
0 0.10231481481481482 0.6666666666666666 0.2 0.08611111111111111
0 0.37222222222222223 0.7055555555555556 0.16111111111111112 0.11481481481481481
0 0.23842592592592593 0.7638888888888888 0.14814814814814814 0.08888888888888889
0 0.30787037037037035 0.32592592592592595 0.29074074074074074 0.08148148148148149
0 0.8671296296296296 0.5560185185185185 0.2611111111111111 0.08796296296296297
0 0.0712962962962963 0.7875 0.1425925925925926 0.13425925925925927
0 0.5217592592592593 0.674074074074074 0.2222222222222222 0.08333333333333333
0 0.6643518518518519 0.5819444444444445 0.13148148148148148 0.09814814814814815
0 0.6435185185185185 0.33564814814814814 0.1574074074074074 0.08333333333333333
0 0.35138888888888886 0.44722222222222224 0.17314814814814813 0.05555555555555555