0 0.19537037037037036 0.41388888888888886 0.09351851851851851 0.26851851851851855
0 0.5351851851851852 0.8763888888888889 0.13287037037037036 0.20925925925925926
0 0.5009259259259259 0.6569444444444444 0.09537037037037037 0.22962962962962963
0 0.39444444444444443 0.4513888888888889 0.05462962962962963 0.28425925925925927
0 0.27037037037037037 0.19212962962962962 0.10648148148148148 0.1375
0 0.4837962962962963 0.20925925925925926 0.07361111111111111 0.09351851851851851
0 0.2986111111111111 0.46620370370370373 0.10324074074074074 0.2986111111111111
0 0.9157407407407407 0.6773148148148148 0.1375 0.27361111111111114
0 0.36574074074074076 0.11574074074074074 0.06574074074074074 0.22824074074074074
0 0.12638888888888888 0.9259259259259259 0.07175925925925926 0.1111111111111111
0 0.6351851851851852 0.9157407407407407 0.07361111111111111 0.15324074074074073