0 0.24861111111111112 0.5990740740740741 0.3638888888888889 0.3814814814814815
0 0.6675925925925926 0.45740740740740743 0.13333333333333333 0.2851851851851852
0 0.49027777777777776 0.08472222222222223 0.12407407407407407 0.16296296296296298
0 0.6916666666666667 0.09953703703703703 0.1685185185185185 0.18888888888888888
0 0.23564814814814813 0.033796296296296297 0.19537037037037036 0.06759259259259259
0 0.11296296296296296 0.8958333333333334 0.21296296296296297 0.20555555555555555
0 0.5347222222222222 0.8657407407407407 0.1648148148148148 0.25925925925925924
0 0.7930555555555555 0.4546296296296296 0.08611111111111111 0.23703703703703705
0 0.3296296296296296 0.3212962962962963 0.26296296296296295 0.16111111111111112
0 0.8675925925925926 0.3476851851851852 0.06111111111111111 0.12037037037037036
0 0.7694444444444445 0.2625 0.07407407407407407 0.13703703703703704
0 0.3763888888888889 0.22314814814814815 0.15648148148148147 0.14074074074074075