0 0.03935185185185185 0.5523148148148148 0.05185185185185185 0.06296296296296296
0 0.3333333333333333 0.24768518518518517 0.06851851851851852 0.05092592592592592
0 0.3837962962962963 0.05694444444444444 0.06851851851851852 0.06018518518518518
0 0.4361111111111111 0.32037037037037036 0.05925925925925926 0.08333333333333333
0 0.3175925925925926 0.5273148148148148 0.06666666666666667 0.0824074074074074
0 0.37407407407407406 0.4375 0.03611111111111111 0.09259259259259259
0 0.300462962962963 0.41203703703703703 0.06111111111111111 0.037037037037037035
0 0.562962962962963 0.12962962962962962 0.05740740740740741 0.11018518518518519
0 0.725462962962963 0.5148148148148148 0.10648148148148148 0.11296296296296296
0 0.10601851851851851 0.4166666666666667 0.05092592592592592 0.05925925925925926
0 0.30092592592592593 0.4601851851851852 0.05925925925925926 0.03518518518518519
0 0.04027777777777778 0.0837962962962963 0.07777777777777778 0.11666666666666667
0 0.612037037037037 0.7097222222222223 0.09814814814814815 0.1111111111111111
0 0.524537037037037 0.512962962962963 0.06296296296296296 0.09814814814814815
0 0.23703703703703705 0.4097222222222222 0.06296296296296296 0.037037037037037035
0 0.35509259259259257 0.31342592592592594 0.05555555555555555 0.07592592592592592
0 0.44305555555555554 0.4791666666666667 0.06018518518518518 0.13333333333333333
0 0.5703703703703704 0.04722222222222222 0.06851851851851852 0.08888888888888889
0 0.5717592592592593 0.8726851851851852 0.05462962962962963 0.05092592592592592
0 0.2310185185185185 0.1912037037037037 0.08333333333333333 0.05925925925925926
0 0.35648148148148145 0.11898148148148148 0.06481481481481481 0.06851851851851852
0 0.8143518518518519 0.3425925925925926 0.053703703703703705 0.0962962962962963
0 0.513425925925926 0.10925925925925926 0.05185185185185185 0.13518518518518519
0 0.16064814814814815 0.5069444444444444 0.07222222222222222 0.06666666666666667
0 0.7587962962962963 0.18564814814814815 0.04259259259259259 0.07777777777777778
0 0.12083333333333333 0.5810185185185185 0.08703703703703704 0.044444444444444446
0 0.7287037037037037 0.02175925925925926 0.06666666666666667 0.04351851851851852
0 0.8527777777777777 0.15555555555555556 0.05185185185185185 0.08611111111111111
0 0.060648148148148145 0.47175925925925927 0.024074074074074074 0.05092592592592592
0 0.16574074074074074 0.41805555555555557 0.040740740740740744 0.08518518518518518
0 0.8074074074074075 0.39537037037037037 0.06666666666666667 0.06851851851851852
0 0.35648148148148145 0.6930555555555555 0.16018518518518518 0.09074074074074075
0 0.5763888888888888 0.37037037037037035 0.10185185185185185 0.14074074074074075
0 0.7055555555555556 0.07824074074074074 0.05185185185185185 0.03518518518518519
0 0.7546296296296297 0.7643518518518518 0.03888888888888889 0.04259259259259259
0 0.6638888888888889 0.8087962962962963 0.03888888888888889 0.053703703703703705
0 0.725 0.27685185185185185 0.06388888888888888 0.0824074074074074
0 0.9208333333333333 0.03935185185185185 0.06296296296296296 0.07777777777777778
0 0.3773148148148148 0.5435185185185185 0.03518518518518519 0.025925925925925925
0 0.45555555555555555 0.038425925925925926 0.07592592592592592 0.07685185185185185
0 0.24768518518518517 0.6240740740740741 0.02962962962962963 0.053703703703703705
0 0.39675925925925926 0.28425925925925927 0.04537037037037037 0.06851851851851852
0 0.26944444444444443 0.29212962962962963 0.03333333333333333 0.032407407407407406
0 0.48842592592592593 0.7078703703703704 0.08888888888888889 0.10185185185185185
0 0.7337962962962963 0.37407407407407406 0.06111111111111111 0.06759259259259259