0 0.4537037037037037 0.08657407407407407 0.25925925925925924 0.17314814814814813
0 0.21944444444444444 0.3023148148148148 0.13333333333333333 0.1259259259259259
0 0.3236111111111111 0.6564814814814814 0.13148148148148148 0.15648148148148147
0 0.47175925925925927 0.586574074074074 0.14351851851851852 0.08333333333333333
0 0.6907407407407408 0.5342592592592592 0.23703703703703705 0.1
0 0.4912037037037037 0.7078703703703704 0.15462962962962962 0.075
0 0.525 0.8111111111111111 0.13703703703703704 0.11574074074074074
0 0.2740740740740741 0.7555555555555555 0.13333333333333333 0.1425925925925926
0 0.5828703703703704 0.4625 0.06296296296296296 0.09074074074074075
0 0.4875 0.32592592592592595 0.1037037037037037 0.04814814814814815
0 0.2388888888888889 0.05925925925925926 0.10925925925925926 0.05925925925925926
0 0.48194444444444445 0.5101851851851852 0.1425925925925926 0.04537037037037037
0 0.6930555555555555 0.7532407407407408 0.21666666666666667 0.10925925925925926
0 0.05648148148148148 0.5138888888888888 0.10925925925925926 0.13148148148148148
0 0.95 0.4740740740740741 0.1 0.10833333333333334
0 0.06574074074074074 0.2587962962962963 0.12777777777777777 0.1425925925925926
0 0.9328703703703703 0.40555555555555556 0.13425925925925927 0.10185185185185185
0 0.19074074074074074 0.16111111111111112 0.053703703703703705 0.08703703703703704