0 0.8916666666666667 0.4527777777777778 0.09768518518518518 0.16805555555555557
0 0.525 0.9375 0.06759259259259259 0.1175925925925926
0 0.8013888888888889 0.7185185185185186 0.05462962962962963 0.2074074074074074
0 0.649537037037037 0.9060185185185186 0.09074074074074075 0.1814814814814815
0 0.8800925925925925 0.7569444444444444 0.13333333333333333 0.28703703703703703
0 0.35138888888888886 0.7638888888888888 0.03981481481481482 0.18796296296296297
0 0.05092592592592592 0.5546296296296296 0.05694444444444444 0.07268518518518519
0 0.925 0.5597222222222222 0.11203703703703703 0.04675925925925926
0 0.2800925925925926 0.812037037037037 0.031018518518518518 0.06388888888888888
0 0.40185185185185185 0.9787037037037037 0.14027777777777778 0.04259259259259259
0 0.9532407407407407 0.39351851851851855 0.09351851851851851 0.075
0 0.18888888888888888 0.8291666666666667 0.062037037037037036 0.11712962962962963
0 0.987037037037037 0.4888888888888889 0.025925925925925925 0.12546296296296297
0 0.47175925925925927 0.8597222222222223 0.06435185185185185 0.17685185185185184
0 0.040740740740740744 0.43194444444444446 0.08148148148148149 0.04537037037037037
0 0.25092592592592594 0.4078703703703704 0.11388888888888889 0.18287037037037038
0 0.3314814814814815 0.3578703703703704 0.1685185185185185 0.36157407407407405
0 0.35694444444444445 0.29259259259259257 0.11851851851851852 0.24722222222222223
0 0.5657407407407408 0.2902777777777778 0.08009259259259259 0.17314814814814813
0 0.5291666666666667 0.6092592592592593 0.06574074074074074 0.1162037037037037
0 0.6018518518518519 0.6194444444444445 0.046296296296296294 0.10555555555555556
0 0.6148148148148148 0.7532407407407408 0.05740740740740741 0.13472222222222222