0 0.09768518518518518 0.8976851851851851 0.1259259259259259 0.08703703703703704
0 0.8708333333333333 0.31203703703703706 0.10185185185185185 0.047685185185185185
0 0.4361111111111111 0.8490740740740741 0.12777777777777777 0.1111111111111111
0 0.29814814814814816 0.899537037037037 0.15925925925925927 0.0962962962962963
0 0.9726851851851852 0.6189814814814815 0.05462962962962963 0.0787037037037037
0 0.37037037037037035 0.44537037037037036 0.1162037037037037 0.06574074074074074
0 0.8824074074074074 0.6078703703703704 0.13194444444444445 0.06388888888888888
0 0.7944444444444444 0.2537037037037037 0.1425925925925926 0.06342592592592593
0 0.9574074074074074 0.7046296296296296 0.08518518518518518 0.08518518518518518
0 0.5236111111111111 0.4439814814814815 0.12916666666666668 0.11157407407407408
0 0.12222222222222222 0.9694444444444444 0.10046296296296296 0.06111111111111111
0 0.7782407407407408 0.6958333333333333 0.14722222222222223 0.06666666666666667
0 0.9648148148148148 0.5444444444444444 0.07037037037037037 0.05925925925925926
0 0.3819444444444444 0.6787037037037037 0.09814814814814815 0.1736111111111111
0 0.762962962962963 0.06620370370370371 0.12685185185185185 0.1125
0 0.9708333333333333 0.8231481481481482 0.058333333333333334 0.1
0 0.041666666666666664 0.36527777777777776 0.08333333333333333 0.07083333333333333
0 0.1986111111111111 0.7412037037037037 0.13657407407407407 0.08194444444444444
0 0.8675925925925926 0.2023148148148148 0.14722222222222223 0.03981481481481482
0 0.21851851851851853 0.9736111111111111 0.0962962962962963 0.05277777777777778
0 0.7796296296296297 0.09583333333333334 0.09398148148148149 0.06342592592592593
0 0.7199074074074074 0.5518518518518518 0.2162037037037037 0.13796296296296295
0 0.6615740740740741 0.4703703703703704 0.17916666666666667 0.0962962962962963
0 0.9851851851851852 0.375 0.02962962962962963 0.07685185185185185
0 0.9851851851851852 0.27314814814814814 0.029166666666666667 0.08101851851851852
0 0.22175925925925927 0.5800925925925926 0.10277777777777777 0.08101851851851852