0 0.49953703703703706 0.7810185185185186 0.12037037037037036 0.28888888888888886
0 0.12268518518518519 0.10092592592592593 0.24537037037037038 0.2
0 0.4162037037037037 0.08287037037037037 0.10648148148148148 0.16018518518518518
0 0.5625 0.5976851851851852 0.12407407407407407 0.15185185185185185
0 0.23425925925925925 0.34305555555555556 0.1574074074074074 0.1259259259259259
0 0.38425925925925924 0.3148148148148148 0.1037037037037037 0.08703703703703704
0 0.12268518518518519 0.4699074074074074 0.08981481481481482 0.18518518518518517
0 0.19027777777777777 0.8268518518518518 0.37592592592592594 0.34629629629629627
0 0.6898148148148148 0.4736111111111111 0.11296296296296296 0.16574074074074074
0 0.5282407407407408 0.15185185185185185 0.15462962962962962 0.3037037037037037
0 0.2828703703703704 0.019444444444444445 0.13425925925925927 0.03888888888888889
0 0.6625 0.8842592592592593 0.18981481481481483 0.22685185185185186
0 0.48657407407407405 0.9731481481481481 0.10740740740740741 0.053703703703703705
0 0.29768518518518516 0.16064814814814815 0.06944444444444445 0.05925925925925926
0 0.0125 0.1587962962962963 0.025 0.17407407407407408