0 0.7282407407407407 0.675 0.07685185185185185 0.1
0 0.3050925925925926 0.44814814814814813 0.09907407407407408 0.07962962962962963
0 0.9342592592592592 0.8180555555555555 0.12777777777777777 0.08703703703703704
0 0.40879629629629627 0.6712962962962963 0.08888888888888889 0.11574074074074074
0 0.5990740740740741 0.6199074074074075 0.09722222222222222 0.06296296296296296
0 0.20416666666666666 0.32314814814814813 0.06574074074074074 0.12777777777777777
0 0.9550925925925926 0.9763888888888889 0.07962962962962963 0.04537037037037037
0 0.7953703703703704 0.3837962962962963 0.12129629629629629 0.14814814814814814
0 0.2625 0.5893518518518519 0.0824074074074074 0.09444444444444444
0 0.44814814814814813 0.5314814814814814 0.10648148148148148 0.11296296296296296
0 0.21805555555555556 0.1574074074074074 0.07407407407407407 0.08703703703703704
0 0.28564814814814815 0.30925925925925923 0.08425925925925926 0.06851851851851852
0 0.6523148148148148 0.3 0.08888888888888889 0.1685185185185185
0 0.8689814814814815 0.06712962962962964 0.11666666666666667 0.13425925925925927
0 0.48194444444444445 0.09722222222222222 0.08333333333333333 0.11296296296296296
0 0.22916666666666666 0.8143518518518519 0.0962962962962963 0.10925925925925926