0 0.3560185185185185 0.5949074074074074 0.06666666666666667 0.11296296296296296
0 0.749537037037037 0.23287037037037037 0.07407407407407407 0.1425925925925926
0 0.29259259259259257 0.5833333333333334 0.058333333333333334 0.08148148148148149
0 0.4361111111111111 0.6791666666666667 0.14444444444444443 0.08888888888888889
0 0.1162037037037037 0.175 0.07962962962962963 0.08425925925925926
0 0.7930555555555555 0.5787037037037037 0.16666666666666666 0.11388888888888889
0 0.3476851851851852 0.2671296296296296 0.09259259259259259 0.10925925925925926
0 0.4648148148148148 0.25833333333333336 0.13703703703703704 0.15092592592592594
0 0.2351851851851852 0.5615740740740741 0.08333333333333333 0.06666666666666667
0 0.5847222222222223 0.27037037037037037 0.07962962962962963 0.13518518518518519
0 0.337037037037037 0.4287037037037037 0.10185185185185185 0.14074074074074075
0 0.6671296296296296 0.7902777777777777 0.16666666666666666 0.09074074074074075
0 0.7722222222222223 0.06435185185185185 0.08796296296296297 0.12777777777777777
0 0.6263888888888889 0.056018518518518516 0.06111111111111111 0.1111111111111111
0 0.058333333333333334 0.4305555555555556 0.1111111111111111 0.10462962962962963
0 0.5981481481481481 0.9282407407407407 0.15185185185185185 0.08055555555555556
0 0.0412037037037037 0.3087962962962963 0.07685185185185185 0.11018518518518519
0 0.9324074074074075 0.7263888888888889 0.125 0.0712962962962963
0 0.7189814814814814 0.12407407407407407 0.06851851851851852 0.08703703703703704
0 0.8384259259259259 0.21805555555555556 0.06296296296296296 0.08796296296296297
0 0.2550925925925926 0.48842592592592593 0.10277777777777777 0.08888888888888889
0 0.07407407407407407 0.7902777777777777 0.09166666666666666 0.08703703703703704
0 0.021296296296296296 0.1537037037037037 0.04259259259259259 0.08333333333333333
0 0.5375 0.15092592592592594 0.06481481481481481 0.06666666666666667
0 0.13333333333333333 0.924074074074074 0.03611111111111111 0.05
0 0.41064814814814815 0.7435185185185185 0.12962962962962962 0.07037037037037037
0 0.7814814814814814 0.5300925925925926 0.07037037037037037 0.09444444444444444
0 0.7268518518518519 0.49722222222222223 0.025925925925925925 0.06666666666666667
0 0.2953703703703704 0.8425925925925926 0.06111111111111111 0.028703703703703703
0 0.2587962962962963 0.8976851851851851 0.05648148148148148 0.05740740740740741
0 0.5879629629629629 0.6791666666666667 0.06296296296296296 0.049074074074074076
0 0.6444444444444445 0.5356481481481481 0.10185185185185185 0.062037037037037036
0 0.10648148148148148 0.8662037037037037 0.041666666666666664 0.046296296296296294
0 0.9115740740740741 0.6662037037037037 0.09259259259259259 0.11574074074074074
0 0.7097222222222223 0.03194444444444444 0.08703703703703704 0.06296296296296296