0 0.5615740740740741 0.7898148148148149 0.10277777777777777 0.13703703703703704
0 0.06435185185185185 0.35185185185185186 0.12222222222222222 0.06388888888888888
0 0.2050925925925926 0.5462962962962963 0.17962962962962964 0.10092592592592593
0 0.6388888888888888 0.7226851851851852 0.05740740740740741 0.11481481481481481
0 0.8324074074074074 0.6148148148148148 0.175 0.20925925925925926
0 0.3851851851851852 0.13287037037037036 0.12407407407407407 0.12962962962962962
0 0.027777777777777776 0.45555555555555555 0.05555555555555555 0.13518518518518519
0 0.2675925925925926 0.45787037037037037 0.12685185185185185 0.06296296296296296
0 0.2953703703703704 0.5722222222222222 0.14166666666666666 0.1175925925925926
0 0.3277777777777778 0.5666666666666667 0.07222222222222222 0.11851851851851852
0 0.09907407407407408 0.055092592592592596 0.05185185185185185 0.09074074074074075
0 0.42824074074074076 0.3050925925925926 0.11666666666666667 0.14444444444444443
0 0.05648148148148148 0.11944444444444445 0.06296296296296296 0.05555555555555555
0 0.4527777777777778 0.725925925925926 0.06666666666666667 0.13518518518518519
0 0.7726851851851851 0.40555555555555556 0.16111111111111112 0.18888888888888888
0 0.47685185185185186 0.5921296296296297 0.05740740740740741 0.17407407407407408
0 0.16157407407407406 0.29814814814814816 0.08425925925925926 0.04814814814814815
0 0.49675925925925923 0.1361111111111111 0.075 0.16111111111111112