0 0.37592592592592594 0.9023148148148148 0.15 0.07592592592592592
0 0.0912037037037037 0.9226851851851852 0.09444444444444444 0.1259259259259259
0 0.3523148148148148 0.49675925925925923 0.15092592592592594 0.075
0 0.06574074074074074 0.31851851851851853 0.13148148148148148 0.16203703703703703
0 0.6393518518518518 0.8305555555555556 0.20555555555555555 0.10185185185185185
0 0.15648148148148147 0.1087962962962963 0.09537037037037037 0.06759259259259259
0 0.875 0.3875 0.07777777777777778 0.11851851851851852
0 0.24722222222222223 0.8324074074074074 0.08333333333333333 0.10740740740740741
0 0.15694444444444444 0.6995370370370371 0.07037037037037037 0.1
0 0.35555555555555557 0.6092592592592593 0.11296296296296296 0.10277777777777777
0 0.09907407407407408 0.7527777777777778 0.07962962962962963 0.07592592592592592
0 0.23148148148148148 0.937037037037037 0.041666666666666664 0.06481481481481481
0 0.16805555555555557 0.9449074074074074 0.07407407407407407 0.06296296296296296
0 0.6986111111111111 0.13703703703703704 0.1388888888888889 0.1111111111111111
0 0.08333333333333333 0.22407407407407406 0.07777777777777778 0.10555555555555556
0 0.025925925925925925 0.5791666666666667 0.05185185185185185 0.06018518518518518
0 0.48518518518518516 0.23935185185185184 0.13796296296296295 0.09444444444444444
0 0.9555555555555556 0.7847222222222222 0.08518518518518518 0.06851851851851852
0 0.6791666666666667 0.9800925925925926 0.25555555555555554 0.03888888888888889
0 0.4412037037037037 0.9819444444444444 0.1425925925925926 0.03611111111111111
0 0.600462962962963 0.07731481481481481 0.06944444444444445 0.04537037037037037
0 0.5930555555555556 0.48148148148148145 0.1037037037037037 0.07222222222222222
0 0.6856481481481481 0.33796296296296297 0.12407407407407407 0.11296296296296296
0 0.7106481481481481 0.6722222222222223 0.11574074074074074 0.12777777777777777