0 0.22916666666666666 0.6958333333333333 0.07222222222222222 0.1
0 0.725925925925926 0.34629629629629627 0.13333333333333333 0.08796296296296297
0 0.2490740740740741 0.8782407407407408 0.07037037037037037 0.15462962962962962
0 0.47824074074074074 0.8425925925925926 0.07962962962962963 0.11666666666666667
0 0.8458333333333333 0.5342592592592592 0.11481481481481481 0.07222222222222222
0 0.8555555555555555 0.1597222222222222 0.13148148148148148 0.09259259259259259
0 0.043055555555555555 0.40555555555555556 0.06851851851851852 0.08703703703703704
0 0.9101851851851852 0.44814814814814813 0.175 0.12777777777777777
0 0.6439814814814815 0.9143518518518519 0.10925925925925926 0.13148148148148148
0 0.42314814814814816 0.9231481481481482 0.09351851851851851 0.1425925925925926
0 0.37453703703703706 0.6578703703703703 0.05648148148148148 0.21481481481481482
0 0.40370370370370373 0.34629629629629627 0.08518518518518518 0.1685185185185185
0 0.6699074074074074 0.5893518518518519 0.12407407407407407 0.1259259259259259
0 0.2625 0.5703703703703704 0.05925925925925926 0.1425925925925926
0 0.5180555555555556 0.9518518518518518 0.04537037037037037 0.0962962962962963
0 0.49212962962962964 0.0824074074074074 0.044444444444444446 0.1648148148148148
0 0.40370370370370373 0.050462962962962966 0.09722222222222222 0.10092592592592593
0 0.8060185185185185 0.45555555555555555 0.05925925925925926 0.09907407407407408
0 0.7768518518518519 0.23981481481481481 0.08796296296296297 0.1037037037037037
0 0.9842592592592593 0.22407407407407406 0.03148148148148148 0.13703703703703704
0 0.02962962962962963 0.19953703703703704 0.05925925925925926 0.11018518518518519
0 0.4875 0.15231481481481482 0.05185185185185185 0.30462962962962964
0 0.5236111111111111 0.02546296296296296 0.09259259259259259 0.05
0 0.3175925925925926 0.1361111111111111 0.03888888888888889 0.06481481481481481
0 0.8171296296296297 0.4736111111111111 0.030555555555555555 0.06851851851851852
0 0.6152777777777778 0.9055555555555556 0.04259259259259259 0.09814814814814815
0 0.37916666666666665 0.48657407407407405 0.09259259259259259 0.09259259259259259
0 0.16666666666666666 0.49166666666666664 0.1814814814814815 0.07407407407407407
0 0.2861111111111111 0.44074074074074077 0.07037037037037037 0.06851851851851852