0 0.7939814814814815 0.5171296296296296 0.2222222222222222 0.13657407407407407
0 0.13194444444444445 0.6601851851851852 0.16944444444444445 0.11527777777777778
0 0.10416666666666667 0.3449074074074074 0.18333333333333332 0.15462962962962962
0 0.8486111111111111 0.9351851851851852 0.12268518518518519 0.12453703703703704
0 0.7157407407407408 0.3925925925925926 0.16527777777777777 0.10324074074074074
0 0.6462962962962963 0.28055555555555556 0.07407407407407407 0.10231481481481482
0 0.5018518518518519 0.44305555555555554 0.15185185185185185 0.0787037037037037
0 0.5027777777777778 0.16574074074074074 0.1597222222222222 0.15416666666666667
0 0.27824074074074073 0.22175925925925927 0.12824074074074074 0.21805555555555556
0 0.06157407407407407 0.762962962962963 0.12314814814814815 0.07222222222222222
0 0.7638888888888888 0.15416666666666667 0.0912037037037037 0.0912037037037037
0 0.6101851851851852 0.1884259259259259 0.10138888888888889 0.05462962962962963
0 0.08472222222222223 0.2222222222222222 0.06574074074074074 0.06388888888888888
0 0.7078703703703704 0.09907407407407408 0.05694444444444444 0.04351851851851852
0 0.45231481481481484 0.9194444444444444 0.09444444444444444 0.11805555555555555
0 0.1865740740740741 0.9185185185185185 0.07962962962962963 0.08101851851851852
0 0.027777777777777776 0.8893518518518518 0.05555555555555555 0.10555555555555556
0 0.9342592592592592 0.26990740740740743 0.12731481481481483 0.08703703703703704
0 0.8861111111111111 0.12453703703703704 0.22361111111111112 0.12453703703703704
0 0.6990740740740741 0.021296296296296296 0.15787037037037038 0.04212962962962963
0 0.7268518518518519 0.30694444444444446 0.11574074074074074 0.07453703703703704
0 0.9476851851851852 0.9569444444444445 0.10462962962962963 0.08055555555555556
0 0.5393518518518519 0.6421296296296296 0.1087962962962963 0.13333333333333333
0 0.13518518518518519 0.9708333333333333 0.05138888888888889 0.047685185185185185