0 0.8592592592592593 0.44537037037037036 0.12037037037037036 0.11666666666666667
0 0.749537037037037 0.4412037037037037 0.08981481481481482 0.13240740740740742
0 0.5643518518518519 0.06018518518518518 0.05740740740740741 0.08703703703703704
0 0.3106481481481482 0.058333333333333334 0.05648148148148148 0.05
0 0.7865740740740741 0.6995370370370371 0.07962962962962963 0.12407407407407407
0 0.2212962962962963 0.3537037037037037 0.04722222222222222 0.06111111111111111
0 0.26064814814814813 0.2902777777777778 0.04259259259259259 0.1388888888888889
0 0.20416666666666666 0.20555555555555555 0.05092592592592592 0.0787037037037037
0 0.42453703703703705 0.8379629629629629 0.06944444444444445 0.11296296296296296
0 0.3388888888888889 0.1736111111111111 0.05185185185185185 0.04351851851851852
0 0.1287037037037037 0.5685185185185185 0.04814814814814815 0.11666666666666667
0 0.7791666666666667 0.5560185185185185 0.07592592592592592 0.13518518518518519
0 0.4148148148148148 0.4009259259259259 0.07222222222222222 0.10648148148148148
0 0.9342592592592592 0.1111111111111111 0.12037037037037036 0.14907407407407408
0 0.6504629629629629 0.5560185185185185 0.06666666666666667 0.07407407407407407
0 0.5782407407407407 0.2902777777777778 0.07777777777777778 0.06851851851851852
0 0.4583333333333333 0.040740740740740744 0.06574074074074074 0.08148148148148149
0 0.4412037037037037 0.1300925925925926 0.06111111111111111 0.09444444444444444
0 0.3962962962962963 0.026851851851851852 0.06111111111111111 0.053703703703703705
0 0.549074074074074 0.02175925925925926 0.06666666666666667 0.04259259259259259
0 0.06296296296296296 0.5481481481481482 0.04259259259259259 0.053703703703703705
0 0.34444444444444444 0.6814814814814815 0.11574074074074074 0.08703703703703704
0 0.9652777777777778 0.8856481481481482 0.06851851851851852 0.09074074074074075
0 0.5217592592592593 0.9736111111111111 0.08888888888888889 0.05277777777777778
0 0.3824074074074074 0.549074074074074 0.09814814814814815 0.07407407407407407
0 0.6569444444444444 0.663425925925926 0.10740740740740741 0.06666666666666667
0 0.8222222222222222 0.14212962962962963 0.13148148148148148 0.13333333333333333
0 0.2935185185185185 0.8717592592592592 0.1037037037037037 0.0962962962962963