0 0.2916666666666667 0.46296296296296297 0.32731481481481484 0.17453703703703705
0 0.7800925925925926 0.17453703703703705 0.25277777777777777 0.24074074074074073
0 0.29953703703703705 0.6851851851851852 0.29953703703703705 0.16064814814814815
0 0.3055555555555556 0.27175925925925926 0.2564814814814815 0.12685185185185185
0 0.7416666666666667 0.45185185185185184 0.40370370370370373 0.19907407407407407
0 0.6319444444444444 0.2152777777777778 0.24166666666666667 0.10324074074074074
0 0.5814814814814815 0.7486111111111111 0.2175925925925926 0.2037037037037037
0 0.4064814814814815 0.8490740740740741 0.17083333333333334 0.20787037037037037
0 0.6074074074074074 0.5597222222222222 0.21805555555555556 0.07777777777777778
0 0.1287037037037037 0.2851851851851852 0.08796296296296297 0.1597222222222222
0 0.08101851851851852 0.07268518518518519 0.07592592592592592 0.13472222222222222
0 0.04027777777777778 0.5504629629629629 0.06111111111111111 0.08287037037037037
0 0.4976851851851852 0.13287037037037036 0.10462962962962963 0.13564814814814816
0 0.5888888888888889 0.13333333333333333 0.14166666666666666 0.16342592592592592
0 0.6976851851851852 0.0375 0.1550925925925926 0.07407407407407407
0 0.2587962962962963 0.8805555555555555 0.12129629629629629 0.07685185185185185
0 0.37962962962962965 0.5814814814814815 0.19675925925925927 0.08148148148148149
0 0.562962962962963 0.030555555555555555 0.07962962962962963 0.06111111111111111
0 0.02546296296296296 0.47685185185185186 0.05092592592592592 0.06388888888888888
0 0.02824074074074074 0.7125 0.056018518518518516 0.09212962962962963
0 0.13194444444444445 0.6828703703703703 0.14351851851851852 0.06620370370370371
0 0.9601851851851851 0.6462962962962963 0.07962962962962963 0.05787037037037037
0 0.11435185185185186 0.45046296296296295 0.05787037037037037 0.10555555555555556
0 0.05138888888888889 0.8333333333333334 0.10277777777777777 0.07685185185185185