0 0.7875 0.29212962962962963 0.1449074074074074 0.22962962962962963
0 0.48564814814814816 0.5717592592592593 0.1300925925925926 0.33564814814814814
0 0.35555555555555557 0.6143518518518518 0.13796296296296295 0.09675925925925925
0 0.6680555555555555 0.38842592592592595 0.05787037037037037 0.1050925925925926
0 0.7101851851851851 0.6592592592592592 0.08333333333333333 0.16805555555555557
0 0.3282407407407407 0.44675925925925924 0.12546296296296297 0.10833333333333334
0 0.31342592592592594 0.35462962962962963 0.125 0.09953703703703703
0 0.8712962962962963 0.9273148148148148 0.0587962962962963 0.058333333333333334
0 0.7726851851851851 0.09305555555555556 0.11898148148148148 0.18333333333333332
0 0.3560185185185185 0.5430555555555555 0.05925925925925926 0.06944444444444445
0 0.8217592592592593 0.4875 0.1787037037037037 0.17592592592592593
0 0.575462962962963 0.48564814814814816 0.08981481481481482 0.0875
0 0.06851851851851852 0.2625 0.10324074074074074 0.08472222222222223
0 0.44583333333333336 0.07361111111111111 0.10694444444444444 0.06805555555555555