0 0.37546296296296294 0.42777777777777776 0.06481481481481481 0.11666666666666667
0 0.8268518518518518 0.45925925925925926 0.15648148148148147 0.11851851851851852
0 0.4898148148148148 0.774537037037037 0.1361111111111111 0.15648148148148147
0 0.3106481481481482 0.43842592592592594 0.05740740740740741 0.08425925925925926
0 0.6032407407407407 0.7523148148148148 0.0787037037037037 0.13518518518518519
0 0.362962962962963 0.7527777777777778 0.09259259259259259 0.10925925925925926
0 0.13055555555555556 0.8425925925925926 0.07962962962962963 0.08425925925925926
0 0.24861111111111112 0.45694444444444443 0.08148148148148149 0.07222222222222222
0 0.05324074074074074 0.7226851851851852 0.09907407407407408 0.10555555555555556
0 0.45092592592592595 0.34814814814814815 0.14074074074074075 0.09259259259259259
0 0.6939814814814815 0.25277777777777777 0.1685185185185185 0.08148148148148149
0 0.7865740740740741 0.950462962962963 0.09074074074074075 0.09907407407407408
0 0.624537037037037 0.1050925925925926 0.15555555555555556 0.07407407407407407
0 0.34305555555555556 0.5976851851851852 0.08981481481481482 0.1361111111111111
0 0.06157407407407407 0.586574074074074 0.07962962962962963 0.10277777777777777
0 0.7620370370370371 0.8111111111111111 0.075 0.17962962962962964
0 0.9430555555555555 0.30833333333333335 0.11388888888888889 0.07777777777777778
0 0.5560185185185185 0.8824074074074074 0.06388888888888888 0.06851851851851852
0 0.649537037037037 0.9611111111111111 0.06018518518518518 0.07777777777777778
0 0.6157407407407407 0.3337962962962963 0.08981481481481482 0.06944444444444445
0 0.41203703703703703 0.6722222222222223 0.06851851851851852 0.06296296296296296
0 0.43287037037037035 0.26851851851851855 0.1259259259259259 0.06296296296296296
0 0.08148148148148149 0.07175925925925926 0.09444444444444444 0.06296296296296296
0 0.15092592592592594 0.5731481481481482 0.04814814814814815 0.06851851851851852