0 0.7625 0.20416666666666666 0.14074074074074075 0.3300925925925926
0 0.1675925925925926 0.10277777777777777 0.11898148148148148 0.20185185185185187
0 0.4666666666666667 0.2759259259259259 0.1087962962962963 0.08425925925925926
0 0.09722222222222222 0.19444444444444445 0.11342592592592593 0.11527777777777778
0 0.8472222222222222 0.5921296296296297 0.15787037037037038 0.16157407407407406
0 0.2851851851851852 0.13796296296296295 0.04861111111111111 0.06574074074074074
0 0.20324074074074075 0.6888888888888889 0.13287037037037036 0.20601851851851852
0 0.9125 0.7638888888888888 0.06157407407407407 0.10601851851851851
0 0.6995370370370371 0.5550925925925926 0.1449074074074074 0.18472222222222223
0 0.5925925925925926 0.5319444444444444 0.08703703703703704 0.1875
0 0.4361111111111111 0.02962962962962963 0.08425925925925926 0.05925925925925926
0 0.4634259259259259 0.3962962962962963 0.11944444444444445 0.1537037037037037
0 0.30925925925925923 0.3851851851851852 0.18194444444444444 0.14722222222222223
0 0.4050925925925926 0.9148148148148149 0.19537037037037036 0.16527777777777777
0 0.3421296296296296 0.07268518518518519 0.09861111111111111 0.1449074074074074
0 0.3300925925925926 0.6393518518518518 0.1884259259259259 0.29398148148148145
0 0.8083333333333333 0.9824074074074074 0.10185185185185185 0.03518518518518519
0 0.6189814814814815 0.25787037037037036 0.14074074074074075 0.22268518518518518
0 0.07546296296296297 0.28564814814814815 0.09212962962962963 0.13333333333333333
0 0.019444444444444445 0.1111111111111111 0.03657407407407407 0.16064814814814815
0 0.13657407407407407 0.9013888888888889 0.1597222222222222 0.12314814814814815