0 0.7078703703703704 0.7875 0.22962962962962963 0.14537037037037037
0 0.42824074074074076 0.48564814814814816 0.3351851851851852 0.12962962962962962
0 0.38564814814814813 0.35555555555555557 0.0962962962962963 0.13796296296296295
0 0.611574074074074 0.6680555555555555 0.10555555555555556 0.05740740740740741
0 0.34074074074074073 0.7101851851851851 0.1685185185185185 0.08333333333333333
0 0.5532407407407407 0.3282407407407407 0.10833333333333334 0.1259259259259259
0 0.6453703703703704 0.31342592592592594 0.1 0.125
0 0.07268518518518519 0.8712962962962963 0.058333333333333334 0.05925925925925926
0 0.9069444444444444 0.7726851851851851 0.18333333333333332 0.11944444444444445
0 0.45694444444444443 0.3560185185185185 0.06944444444444445 0.05925925925925926
0 0.5125 0.8217592592592593 0.17592592592592593 0.1787037037037037
0 0.5143518518518518 0.575462962962963 0.08703703703703704 0.08981481481481482
0 0.7375 0.06851851851851852 0.08518518518518518 0.1037037037037037
0 0.9263888888888889 0.44583333333333336 0.06851851851851852 0.10740740740740741