0 0.7291666666666666 0.5837962962962963 0.10555555555555556 0.1111111111111111
0 0.30648148148148147 0.612037037037037 0.13518518518518519 0.10740740740740741
0 0.3962962962962963 0.6958333333333333 0.08703703703703704 0.13148148148148148
0 0.8583333333333333 0.7041666666666667 0.053703703703703705 0.06111111111111111
0 0.7717592592592593 0.45555555555555555 0.10555555555555556 0.13333333333333333
0 0.6240740740740741 0.6898148148148148 0.06388888888888888 0.10925925925925926
0 0.6532407407407408 0.6416666666666667 0.05740740740740741 0.12685185185185185
0 0.9458333333333333 0.5328703703703703 0.10833333333333334 0.2064814814814815
0 0.38935185185185184 0.5527777777777778 0.08518518518518518 0.11666666666666667
0 0.7472222222222222 0.1962962962962963 0.06666666666666667 0.12129629629629629
0 0.6662037037037037 0.4587962962962963 0.06481481481481481 0.1287037037037037
0 0.8143518518518519 0.7083333333333334 0.030555555555555555 0.08148148148148149
0 0.1736111111111111 0.32407407407407407 0.12037037037037036 0.13703703703703704
0 0.6328703703703704 0.8782407407407408 0.05092592592592592 0.02962962962962963
0 0.4217592592592593 0.3625 0.11296296296296296 0.11481481481481481
0 0.5162037037037037 0.4740740740740741 0.10555555555555556 0.08333333333333333
0 0.4527777777777778 0.5166666666666667 0.07685185185185185 0.1925925925925926
0 0.4638888888888889 0.5504629629629629 0.05925925925925926 0.11851851851851852
0 0.7328703703703704 0.7837962962962963 0.11018518518518519 0.09259259259259259
0 0.8032407407407407 0.9037037037037037 0.07592592592592592 0.046296296296296294
0 0.5157407407407407 0.5324074074074074 0.07037037037037037 0.07037037037037037
0 0.3416666666666667 0.8578703703703704 0.0712962962962963 0.044444444444444446
0 0.5685185185185185 0.1875 0.046296296296296294 0.09722222222222222
0 0.6476851851851851 0.19814814814814816 0.06388888888888888 0.06296296296296296
0 0.5583333333333333 0.35555555555555557 0.07685185185185185 0.15555555555555556
0 0.4703703703703704 0.6990740740740741 0.05 0.12777777777777777