0 0.8916666666666667 0.5472222222222223 0.09814814814814815 0.1685185185185185
0 0.525 0.0625 0.06759259259259259 0.1175925925925926
0 0.8013888888888889 0.2814814814814815 0.05462962962962963 0.2074074074074074
0 0.649537037037037 0.09398148148148149 0.09074074074074075 0.1814814814814815
0 0.8800925925925925 0.24305555555555555 0.13333333333333333 0.28703703703703703
0 0.35138888888888886 0.2361111111111111 0.03981481481481482 0.18796296296296297
0 0.05092592592592592 0.44537037037037036 0.05740740740740741 0.07222222222222222
0 0.925 0.44027777777777777 0.11203703703703703 0.046296296296296294
0 0.2800925925925926 0.18796296296296297 0.03148148148148148 0.06388888888888888
0 0.40185185185185185 0.021296296296296296 0.14074074074074075 0.04259259259259259
0 0.9532407407407407 0.6064814814814815 0.09351851851851851 0.075
0 0.18888888888888888 0.17083333333333334 0.062037037037037036 0.11666666666666667
0 0.987037037037037 0.5111111111111111 0.025925925925925925 0.1259259259259259
0 0.47175925925925927 0.14027777777777778 0.06481481481481481 0.17685185185185184
0 0.040740740740740744 0.5680555555555555 0.08148148148148149 0.04537037037037037
0 0.25092592592592594 0.5921296296296297 0.11388888888888889 0.18333333333333332
0 0.3314814814814815 0.6421296296296296 0.1685185185185185 0.3611111111111111
0 0.35694444444444445 0.7074074074074074 0.11851851851851852 0.24722222222222223
0 0.5657407407407408 0.7097222222222223 0.07962962962962963 0.17314814814814813
0 0.5291666666666667 0.3907407407407407 0.06574074074074074 0.11666666666666667
0 0.6018518518518519 0.38055555555555554 0.046296296296296294 0.10555555555555556
0 0.6148148148148148 0.24675925925925926 0.05740740740740741 0.13518518518518519