0 0.1787037037037037 0.4 0.08703703703703704 0.06620370370370371
0 0.8495370370370371 0.662962962962963 0.10231481481481482 0.09212962962962963
0 0.46435185185185185 0.10787037037037037 0.11898148148148148 0.1310185185185185
0 0.6402777777777777 0.8578703703703704 0.1 0.08657407407407407
0 0.9481481481481482 0.7013888888888888 0.08101851851851852 0.06574074074074074
0 0.3365740740740741 0.41064814814814815 0.12129629629629629 0.08148148148148149
0 0.5828703703703704 0.5939814814814814 0.06666666666666667 0.07037037037037037
0 0.6995370370370371 0.7342592592592593 0.07268518518518519 0.08009259259259259
0 0.9203703703703704 0.3236111111111111 0.15833333333333333 0.10694444444444444
0 0.9125 0.21574074074074073 0.11990740740740741 0.09907407407407408
0 0.836574074074074 0.8930555555555556 0.0875 0.059722222222222225
0 0.6300925925925925 0.7490740740740741 0.03287037037037037 0.07453703703703704
0 0.3592592592592593 0.5587962962962963 0.1111111111111111 0.075
0 0.7680555555555556 0.3837962962962963 0.050462962962962966 0.06805555555555555
0 0.8560185185185185 0.8027777777777778 0.08333333333333333 0.06111111111111111
0 0.924074074074074 0.8148148148148148 0.047685185185185185 0.037037037037037035
0 0.4263888888888889 0.35324074074074074 0.10601851851851851 0.10185185185185185
0 0.5962962962962963 0.05925925925925926 0.10972222222222222 0.11527777777777778
0 0.8842592592592593 0.11157407407407408 0.05787037037037037 0.08287037037037037
0 0.763425925925926 0.799074074074074 0.03194444444444444 0.06111111111111111
0 0.4046296296296296 0.7787037037037037 0.08981481481481482 0.04953703703703704
0 0.9583333333333334 0.7666666666666667 0.08287037037037037 0.0787037037037037
0 0.7791666666666667 0.8958333333333334 0.040740740740740744 0.05324074074074074
0 0.7782407407407408 0.03287037037037037 0.1125 0.06574074074074074
0 0.937962962962963 0.13240740740740742 0.09398148148148149 0.06712962962962964
0 0.027777777777777776 0.7856481481481481 0.05555555555555555 0.13240740740740742
0 0.9458333333333333 0.85 0.10833333333333334 0.05925925925925926
0 0.3509259259259259 0.1736111111111111 0.09537037037037037 0.1712962962962963
0 0.49074074074074076 0.6398148148148148 0.11296296296296296 0.06342592592592593
0 0.7958333333333333 0.725925925925926 0.03194444444444444 0.027777777777777776
0 0.5884259259259259 0.9828703703703704 0.0763888888888889 0.03425925925925926
0 0.6263888888888889 0.4898148148148148 0.07546296296296297 0.040740740740740744
0 0.725925925925926 0.4564814814814815 0.10925925925925926 0.044444444444444446
0 0.8898148148148148 0.7092592592592593 0.07175925925925926 0.05138888888888889
0 0.5625 0.9435185185185185 0.1175925925925926 0.06111111111111111
0 0.9787037037037037 0.25787037037037036 0.04259259259259259 0.04722222222222222
0 0.7435185185185185 0.2263888888888889 0.14675925925925926 0.06944444444444445