0 0.7708333333333334 0.2212962962962963 0.15 0.08703703703703704
0 0.7245370370370371 0.5986111111111111 0.07037037037037037 0.08518518518518518
0 0.6185185185185185 0.3212962962962963 0.07962962962962963 0.06666666666666667
0 0.8194444444444444 0.5625 0.1037037037037037 0.07222222222222222
0 0.3907407407407407 0.18425925925925926 0.10462962962962963 0.08425925925925926
0 0.7152777777777778 0.5324074074074074 0.08518518518518518 0.037037037037037035
0 0.6375 0.5208333333333334 0.06481481481481481 0.09537037037037037
0 0.6810185185185185 0.11064814814814815 0.11203703703703703 0.125
0 0.9328703703703703 0.6518518518518519 0.08333333333333333 0.053703703703703705
0 0.7208333333333333 0.475462962962963 0.07592592592592592 0.046296296296296294
0 0.5060185185185185 0.16898148148148148 0.07777777777777778 0.06296296296296296
0 0.5875 0.5930555555555556 0.07222222222222222 0.10277777777777777
0 0.875 0.6925925925925925 0.08888888888888889 0.06944444444444445
0 0.8041666666666667 0.6620370370370371 0.044444444444444446 0.04351851851851852
0 0.8203703703703704 0.4023148148148148 0.07592592592592592 0.07962962962962963
0 0.28564814814814815 0.5537037037037037 0.12962962962962962 0.07777777777777778
0 0.40879629629629627 0.8231481481481482 0.10555555555555556 0.06851851851851852
0 0.9574074074074074 0.7361111111111112 0.08518518518518518 0.05185185185185185
0 0.7592592592592593 0.3421296296296296 0.06481481481481481 0.03148148148148148
0 0.9458333333333333 0.5824074074074074 0.1037037037037037 0.4287037037037037
0 0.674074074074074 0.01712962962962963 0.10462962962962963 0.03425925925925926
0 0.500462962962963 0.5703703703703704 0.07037037037037037 0.11296296296296296
0 0.5078703703703704 0.4351851851851852 0.06481481481481481 0.07962962962962963
0 0.28564814814814815 0.12037037037037036 0.05925925925925926 0.11851851851851852
0 0.362962962962963 0.48194444444444445 0.07314814814814814 0.06851851851851852
0 0.2273148148148148 0.674537037037037 0.11388888888888889 0.09814814814814815
0 0.33240740740740743 0.6300925925925925 0.06666666666666667 0.1