0 0.8976851851851851 0.9023148148148148 0.08703703703703704 0.1259259259259259
0 0.31203703703703706 0.12916666666666668 0.04814814814814815 0.10185185185185185
0 0.8490740740740741 0.5638888888888889 0.1111111111111111 0.12777777777777777
0 0.899537037037037 0.7018518518518518 0.0962962962962963 0.15925925925925927
0 0.6189814814814815 0.027314814814814816 0.0787037037037037 0.05462962962962963
0 0.44537037037037036 0.6296296296296297 0.06574074074074074 0.11666666666666667
0 0.6078703703703704 0.1175925925925926 0.06388888888888888 0.13148148148148148
0 0.2537037037037037 0.20555555555555555 0.06296296296296296 0.1425925925925926
0 0.7046296296296296 0.04259259259259259 0.08518518518518518 0.08518518518518518
0 0.4439814814814815 0.47638888888888886 0.1111111111111111 0.12962962962962962
0 0.9694444444444444 0.8777777777777778 0.06111111111111111 0.1
0 0.6958333333333333 0.22175925925925927 0.06666666666666667 0.14722222222222223
0 0.5444444444444444 0.03518518518518519 0.05925925925925926 0.07037037037037037
0 0.6787037037037037 0.6180555555555556 0.17407407407407408 0.09814814814814815
0 0.06620370370370371 0.23703703703703705 0.11296296296296296 0.12685185185185185
0 0.8231481481481482 0.029166666666666667 0.1 0.058333333333333334
0 0.36527777777777776 0.9583333333333334 0.07037037037037037 0.08333333333333333
0 0.7412037037037037 0.8013888888888889 0.08148148148148149 0.13703703703703704
0 0.2023148148148148 0.13240740740740742 0.03981481481481482 0.14722222222222223
0 0.9736111111111111 0.7814814814814814 0.05277777777777778 0.0962962962962963
0 0.09583333333333334 0.22037037037037038 0.06296296296296296 0.09444444444444444
0 0.5518518518518518 0.2800925925925926 0.13796296296296295 0.21666666666666667
0 0.4703703703703704 0.3384259259259259 0.0962962962962963 0.17962962962962964
0 0.375 0.014814814814814815 0.07685185185185185 0.02962962962962963
0 0.27314814814814814 0.014814814814814815 0.08148148148148149 0.02962962962962963
0 0.5800925925925926 0.7782407407407408 0.08148148148148149 0.10277777777777777