0 0.25601851851851853 0.524537037037037 0.3814814814814815 0.25277777777777777
0 0.6916666666666667 0.7578703703703704 0.3143518518518518 0.3106481481481482
0 0.7907407407407407 0.46296296296296297 0.40555555555555556 0.23657407407407408
0 0.3490740740740741 0.7388888888888889 0.26435185185185184 0.23287037037037037
0 0.500462962962963 0.8814814814814815 0.2671296296296296 0.23055555555555557
0 0.125 0.11388888888888889 0.1527777777777778 0.20972222222222223
0 0.6824074074074075 0.06435185185185185 0.3013888888888889 0.12824074074074074
0 0.8953703703703704 0.27037037037037037 0.20925925925925926 0.14629629629629629
0 0.9629629629629629 0.18333333333333332 0.07407407407407407 0.20324074074074075
0 0.3726851851851852 0.3416666666666667 0.11990740740740741 0.06111111111111111
0 0.2833333333333333 0.07222222222222222 0.07731481481481481 0.12777777777777777