0 0.06435185185185185 0.6453703703703704 0.07037037037037037 0.06481481481481481
0 0.14212962962962963 0.5083333333333333 0.05925925925925926 0.09166666666666666
0 0.600925925925926 0.663425925925926 0.06481481481481481 0.1685185185185185
0 0.8333333333333334 0.9194444444444444 0.07592592592592592 0.14814814814814814
0 0.21666666666666667 0.5319444444444444 0.07407407407407407 0.062037037037037036
0 0.1486111111111111 0.8175925925925925 0.062037037037037036 0.07037037037037037
0 0.8055555555555556 0.09675925925925925 0.05925925925925926 0.07037037037037037
0 0.8041666666666667 0.9231481481481482 0.11296296296296296 0.1537037037037037
0 0.9578703703703704 0.2722222222222222 0.07407407407407407 0.14074074074074075
0 0.5226851851851851 0.6101851851851852 0.09074074074074075 0.1175925925925926
0 0.6407407407407407 0.21203703703703702 0.05185185185185185 0.08796296296296297
0 0.7166666666666667 0.7958333333333333 0.06666666666666667 0.07314814814814814
0 0.6800925925925926 0.6078703703703704 0.12222222222222222 0.07777777777777778
0 0.5680555555555555 0.23287037037037037 0.08148148148148149 0.08703703703703704
0 0.08101851851851852 0.2833333333333333 0.05 0.08148148148148149
0 0.45416666666666666 0.2791666666666667 0.10462962962962963 0.07592592592592592
0 0.06527777777777778 0.3972222222222222 0.025925925925925925 0.05
0 0.42916666666666664 0.20694444444444443 0.06481481481481481 0.10555555555555556
0 0.9106481481481481 0.9495370370370371 0.12777777777777777 0.1
0 0.16111111111111112 0.9398148148148148 0.09814814814814815 0.12037037037037036
0 0.7671296296296296 0.7893518518518519 0.04722222222222222 0.10092592592592593
0 0.022222222222222223 0.5875 0.044444444444444446 0.06851851851851852
0 0.31342592592592594 0.09305555555555556 0.04722222222222222 0.06111111111111111
0 0.3837962962962963 0.10925925925925926 0.06666666666666667 0.08333333333333333
0 0.6083333333333333 0.7865740740740741 0.05925925925925926 0.053703703703703705
0 0.024537037037037038 0.5106481481481482 0.04814814814814815 0.04814814814814815
0 0.3143518518518518 0.9009259259259259 0.09259259259259259 0.09259259259259259
0 0.7930555555555555 0.9694444444444444 0.08148148148148149 0.05925925925925926
0 0.20324074074074075 0.6560185185185186 0.06666666666666667 0.10185185185185185
0 0.5569444444444445 0.8060185185185185 0.1111111111111111 0.08148148148148149
0 0.85 0.6967592592592593 0.09537037037037037 0.1