0 0.624537037037037 0.42777777777777776 0.06481481481481481 0.11666666666666667
0 0.17314814814814813 0.45925925925925926 0.15648148148148147 0.11851851851851852
0 0.5101851851851852 0.774537037037037 0.1361111111111111 0.15648148148148147
0 0.6893518518518519 0.43842592592592594 0.05740740740740741 0.08425925925925926
0 0.39675925925925926 0.7523148148148148 0.0787037037037037 0.13518518518518519
0 0.6370370370370371 0.7527777777777778 0.09259259259259259 0.10925925925925926
0 0.8694444444444445 0.8425925925925926 0.07962962962962963 0.08425925925925926
0 0.7513888888888889 0.45694444444444443 0.08148148148148149 0.07222222222222222
0 0.9467592592592593 0.7226851851851852 0.09907407407407408 0.10555555555555556
0 0.549074074074074 0.34814814814814815 0.14074074074074075 0.09259259259259259
0 0.3060185185185185 0.25277777777777777 0.1685185185185185 0.08148148148148149
0 0.21342592592592594 0.950462962962963 0.09074074074074075 0.09907407407407408
0 0.37546296296296294 0.1050925925925926 0.15555555555555556 0.07407407407407407
0 0.6569444444444444 0.5976851851851852 0.08981481481481482 0.1361111111111111
0 0.9384259259259259 0.586574074074074 0.07962962962962963 0.10277777777777777
0 0.23796296296296296 0.8111111111111111 0.075 0.17962962962962964
0 0.05694444444444444 0.30833333333333335 0.11388888888888889 0.07777777777777778
0 0.4439814814814815 0.8824074074074074 0.06388888888888888 0.06851851851851852
0 0.350462962962963 0.9611111111111111 0.06018518518518518 0.07777777777777778
0 0.38425925925925924 0.3337962962962963 0.08981481481481482 0.06944444444444445
0 0.5879629629629629 0.6722222222222223 0.06851851851851852 0.06296296296296296
0 0.5671296296296297 0.26851851851851855 0.1259259259259259 0.06296296296296296
0 0.9185185185185185 0.07175925925925926 0.09444444444444444 0.06296296296296296
0 0.8490740740740741 0.5731481481481482 0.04814814814814815 0.06851851851851852