0 0.5546296296296296 0.14074074074074075 0.11712962962962963 0.11990740740740741
0 0.5587962962962963 0.25046296296296294 0.13240740740740742 0.08981481481481482
0 0.9398148148148148 0.4356481481481482 0.0875 0.05787037037037037
0 0.9416666666666667 0.6893518518518519 0.05 0.05648148148148148
0 0.300462962962963 0.21342592592592594 0.12453703703703704 0.08009259259259259
0 0.6462962962962963 0.7787037037037037 0.06111111111111111 0.04722222222222222
0 0.7097222222222223 0.7393518518518518 0.13935185185185187 0.04259259259259259
0 0.7944444444444444 0.7958333333333333 0.0787037037037037 0.05092592592592592
0 0.16203703703703703 0.575462962962963 0.11296296296296296 0.06944444444444445
0 0.8263888888888888 0.6611111111111111 0.04351851851851852 0.05138888888888889
0 0.43148148148148147 0.8712962962962963 0.11712962962962963 0.047685185185185185
0 0.4439814814814815 0.22083333333333333 0.13564814814814816 0.07546296296296297
0 0.5990740740740741 0.5851851851851851 0.10648148148148148 0.07175925925925926
0 0.8888888888888888 0.06574074074074074 0.14907407407407408 0.12083333333333333
0 0.4439814814814815 0.34953703703703703 0.07407407407407407 0.06666666666666667
0 0.7097222222222223 0.4217592592592593 0.06805555555555555 0.07777777777777778
0 0.9592592592592593 0.5416666666666666 0.08148148148148149 0.06574074074074074
0 0.8699074074074075 0.5587962962962963 0.09398148148148149 0.06157407407407407
0 0.9731481481481481 0.6037037037037037 0.053703703703703705 0.060648148148148145
0 0.9782407407407407 0.45092592592592595 0.04259259259259259 0.06620370370370371
0 0.45185185185185184 0.937037037037037 0.05324074074074074 0.04259259259259259
0 0.31851851851851853 0.6555555555555556 0.08657407407407407 0.11574074074074074
0 0.11435185185185186 0.034722222222222224 0.09027777777777778 0.06898148148148148
0 0.02638888888888889 0.47824074074074074 0.052314814814814814 0.08935185185185185
0 0.45092592592592595 0.6175925925925926 0.07453703703703704 0.09861111111111111
0 0.3365740740740741 0.34305555555555556 0.06712962962962964 0.10740740740740741
0 0.8578703703703704 0.17777777777777778 0.13333333333333333 0.13194444444444445
0 0.12824074074074074 0.7064814814814815 0.09583333333333334 0.10324074074074074