0 0.4050925925925926 0.6439814814814815 0.11342592592592593 0.06620370370370371
0 0.7671296296296296 0.25046296296296294 0.14305555555555555 0.07407407407407407
0 0.4166666666666667 0.7074074074074074 0.08194444444444444 0.058333333333333334
0 0.32083333333333336 0.5638888888888889 0.08888888888888889 0.1439814814814815
0 0.825 0.8837962962962963 0.08425925925925926 0.08009259259259259
0 0.4212962962962963 0.20694444444444443 0.11388888888888889 0.16712962962962963
0 0.7328703703703704 0.6523148148148148 0.10972222222222222 0.09259259259259259
0 0.7416666666666667 0.5351851851851852 0.15092592592592594 0.13703703703703704
0 0.43842592592592594 0.7648148148148148 0.06666666666666667 0.0837962962962963
0 0.7296296296296296 0.4152777777777778 0.13518518518518519 0.07962962962962963
0 0.5712962962962963 0.662962962962963 0.14074074074074075 0.10185185185185185
0 0.20972222222222223 0.33287037037037037 0.09027777777777778 0.16712962962962963
0 0.9356481481481481 0.22777777777777777 0.12824074074074074 0.08796296296296297
0 0.9439814814814815 0.3736111111111111 0.11157407407407408 0.06111111111111111
0 0.5694444444444444 0.9416666666666667 0.10462962962962963 0.11064814814814815
0 0.07175925925925926 0.40185185185185185 0.08055555555555556 0.15185185185185185
0 0.6912037037037037 0.9587962962962963 0.11018518518518519 0.07685185185185185
0 0.27361111111111114 0.06759259259259259 0.07083333333333333 0.125
0 0.8759259259259259 0.2810185185185185 0.08657407407407407 0.06898148148148148
0 0.7819444444444444 0.16157407407407406 0.08796296296296297 0.06296296296296296
0 0.5115740740740741 0.7449074074074075 0.08888888888888889 0.10277777777777777
0 0.20972222222222223 0.9259259259259259 0.08657407407407407 0.09166666666666666
0 0.8462962962962963 0.9787037037037037 0.08287037037037037 0.04212962962962963
0 0.8490740740740741 0.4625 0.06620370370370371 0.06481481481481481
0 0.07592592592592592 0.8666666666666667 0.05 0.03611111111111111
0 0.2564814814814815 0.5893518518518519 0.07083333333333333 0.1300925925925926
0 0.4699074074074074 0.21851851851851853 0.09398148148148149 0.07037037037037037
0 0.5027777777777778 0.27314814814814814 0.06666666666666667 0.02546296296296296
0 0.1574074074074074 0.7046296296296296 0.028703703703703703 0.06157407407407407
0 0.10231481481481482 0.7412037037037037 0.05694444444444444 0.05648148148148148
0 0.32083333333333336 0.41203703703703703 0.049074074074074076 0.0625
0 0.46435185185185185 0.35555555555555557 0.062037037037037036 0.10231481481481482
0 0.1337962962962963 0.8935185185185185 0.04675925925925926 0.041666666666666664
0 0.3337962962962963 0.08842592592592592 0.11574074074074074 0.09212962962962963
0 0.9680555555555556 0.2902777777777778 0.06342592592592593 0.08703703703703704