0 0.7083333333333334 0.8162037037037037 0.15555555555555556 0.10833333333333334
0 0.4125 0.04398148148148148 0.13935185185185187 0.08611111111111111
0 0.5893518518518519 0.7300925925925926 0.10138888888888889 0.14212962962962963
0 0.09537037037037037 0.0837962962962963 0.19074074074074074 0.09861111111111111
0 0.8476851851851852 0.9375 0.24953703703703703 0.12083333333333333
0 0.8037037037037037 0.4444444444444444 0.07685185185185185 0.03935185185185185
0 0.9481481481481482 0.8152777777777778 0.1037037037037037 0.0712962962962963
0 0.4935185185185185 0.899074074074074 0.25972222222222224 0.07824074074074074
0 0.5166666666666667 0.18564814814814815 0.06527777777777778 0.041666666666666664
0 0.4708333333333333 0.9726851851851852 0.12685185185185185 0.05416666666666667
0 0.737037037037037 0.6217592592592592 0.05694444444444444 0.07731481481481481
0 0.9333333333333333 0.6476851851851851 0.13333333333333333 0.0712962962962963
0 0.888425925925926 0.7180555555555556 0.049074074074074076 0.053703703703703705
0 0.475 0.23194444444444445 0.08472222222222223 0.01898148148148148
0 0.27037037037037037 0.7648148148148148 0.03425925925925926 0.05
0 0.6282407407407408 0.2726851851851852 0.04861111111111111 0.04490740740740741
0 0.3425925925925926 0.9162037037037037 0.07083333333333333 0.06712962962962964
0 0.8495370370370371 0.4986111111111111 0.060648148148148145 0.046296296296296294
0 0.85 0.40185185185185185 0.07731481481481481 0.037037037037037035
0 0.8736111111111111 0.30185185185185187 0.08703703703703704 0.027777777777777776
0 0.5277777777777778 0.2847222222222222 0.03981481481481482 0.02638888888888889
0 0.6365740740740741 0.42592592592592593 0.11388888888888889 0.04583333333333333
0 0.6189814814814815 0.33055555555555555 0.08611111111111111 0.1087962962962963
0 0.9638888888888889 0.9518518518518518 0.07222222222222222 0.09074074074074075
0 0.55 0.9777777777777777 0.13657407407407407 0.04398148148148148
0 0.7810185185185186 0.34814814814814815 0.04027777777777778 0.044444444444444446
0 0.4583333333333333 0.33287037037037037 0.04814814814814815 0.025925925925925925
0 0.8712962962962963 0.549537037037037 0.0824074074074074 0.06759259259259259
0 0.4393518518518518 0.2212962962962963 0.04814814814814815 0.05092592592592592
0 0.10694444444444444 0.4981481481481482 0.11990740740740741 0.050462962962962966
0 0.21157407407407408 0.47129629629629627 0.08611111111111111 0.03935185185185185
0 0.19305555555555556 0.24722222222222223 0.0763888888888889 0.09953703703703703
0 0.487962962962963 0.5212962962962963 0.04212962962962963 0.07314814814814814
0 0.4060185185185185 0.5162037037037037 0.11574074074074074 0.03981481481481482