0 0.4527777777777778 0.10833333333333334 0.1685185185185185 0.09814814814814815
0 0.9375 0.475 0.1175925925925926 0.06759259259259259
0 0.7185185185185186 0.1986111111111111 0.2074074074074074 0.05462962962962963
0 0.9060185185185186 0.350462962962963 0.1814814814814815 0.09074074074074075
0 0.7569444444444444 0.11990740740740741 0.28703703703703703 0.13333333333333333
0 0.7638888888888888 0.6486111111111111 0.18796296296296297 0.03981481481481482
0 0.5546296296296296 0.9490740740740741 0.07222222222222222 0.05740740740740741
0 0.5597222222222222 0.075 0.046296296296296294 0.11203703703703703
0 0.812037037037037 0.7199074074074074 0.06388888888888888 0.03148148148148148
0 0.9787037037037037 0.5981481481481481 0.04259259259259259 0.14074074074074075
0 0.39351851851851855 0.04675925925925926 0.075 0.09351851851851851
0 0.8291666666666667 0.8111111111111111 0.11666666666666667 0.062037037037037036
0 0.4888888888888889 0.012962962962962963 0.1259259259259259 0.025925925925925925
0 0.8597222222222223 0.5282407407407408 0.17685185185185184 0.06481481481481481
0 0.43194444444444446 0.9592592592592593 0.04537037037037037 0.08148148148148149
0 0.4078703703703704 0.7490740740740741 0.18333333333333332 0.11388888888888889
0 0.3578703703703704 0.6685185185185185 0.3611111111111111 0.1685185185185185
0 0.29259259259259257 0.6430555555555556 0.24722222222222223 0.11851851851851852
0 0.2902777777777778 0.43425925925925923 0.17314814814814813 0.07962962962962963
0 0.6092592592592593 0.4708333333333333 0.11666666666666667 0.06574074074074074
0 0.6194444444444445 0.39814814814814814 0.10555555555555556 0.046296296296296294
0 0.7532407407407408 0.3851851851851852 0.13518518518518519 0.05740740740740741