0 0.125 0.5055555555555555 0.17175925925925925 0.25462962962962965
0 0.33287037037037037 0.7388888888888889 0.12175925925925926 0.13425925925925927
0 0.6111111111111112 0.48518518518518516 0.08148148148148149 0.14537037037037037
0 0.6759259259259259 0.6430555555555556 0.15138888888888888 0.12962962962962962
0 0.5592592592592592 0.26851851851851855 0.10324074074074074 0.23425925925925925
0 0.7717592592592593 0.2601851851851852 0.1 0.21388888888888888
0 0.7305555555555555 0.46111111111111114 0.07361111111111111 0.15648148148148147
0 0.8273148148148148 0.4236111111111111 0.1111111111111111 0.13425925925925927
0 0.1962962962962963 0.7638888888888888 0.08287037037037037 0.05324074074074074
0 0.7694444444444445 0.7032407407407407 0.1388888888888889 0.13148148148148148
0 0.49074074074074076 0.3814814814814815 0.0875 0.0625
0 0.35462962962962963 0.4828703703703704 0.04675925925925926 0.10648148148148148
0 0.09675925925925925 0.7162037037037037 0.05648148148148148 0.10462962962962963
0 0.5361111111111111 0.48148148148148145 0.04351851851851852 0.1375
0 0.4217592592592593 0.06481481481481481 0.1 0.12962962962962962
0 0.5361111111111111 0.9125 0.13148148148148148 0.12175925925925926
0 0.45925925925925926 0.2569444444444444 0.09351851851851851 0.13287037037037036
0 0.2740740740740741 0.9282407407407407 0.1388888888888889 0.14074074074074075