0 0.45555555555555555 0.6814814814814815 0.1425925925925926 0.1175925925925926
0 0.3277777777777778 0.3819444444444444 0.12407407407407407 0.1388888888888889
0 0.044444444444444446 0.9513888888888888 0.08518518518518518 0.0962962962962963
0 0.8800925925925925 0.287962962962963 0.10925925925925926 0.22407407407407406
0 0.44027777777777777 0.3819444444444444 0.07222222222222222 0.14074074074074075
0 0.6601851851851852 0.4546296296296296 0.040740740740740744 0.08148148148148149
0 0.7851851851851852 0.49537037037037035 0.09537037037037037 0.07777777777777778
0 0.5847222222222223 0.4875 0.0962962962962963 0.13333333333333333
0 0.9773148148148149 0.2324074074074074 0.044444444444444446 0.12685185185185185
0 0.3337962962962963 0.2675925925925926 0.1574074074074074 0.15555555555555556
0 0.362962962962963 0.8810185185185185 0.06666666666666667 0.1574074074074074
0 0.8513888888888889 0.05185185185185185 0.05740740740740741 0.09259259259259259
0 0.6425925925925926 0.7615740740740741 0.06481481481481481 0.14444444444444443
0 0.8986111111111111 0.8787037037037037 0.14444444444444443 0.22592592592592592
0 0.7921296296296296 0.7671296296296296 0.08796296296296297 0.125
0 0.7930555555555555 0.6666666666666666 0.08888888888888889 0.06111111111111111
0 0.9120370370370371 0.7087962962962963 0.10833333333333334 0.10185185185185185
0 0.7847222222222222 0.39537037037037037 0.0962962962962963 0.08333333333333333
0 0.07175925925925926 0.5967592592592592 0.07222222222222222 0.075
0 0.08564814814814815 0.47685185185185186 0.08518518518518518 0.040740740740740744
0 0.05787037037037037 0.5430555555555555 0.06851851851851852 0.04537037037037037