0 0.325 0.27175925925925926 0.1 0.07685185185185185
0 0.5518518518518518 0.6949074074074074 0.07916666666666666 0.09907407407407408
0 0.18194444444444444 0.06574074074074074 0.0875 0.12777777777777777
0 0.3287037037037037 0.5912037037037037 0.11574074074074074 0.08842592592592592
0 0.3800925925925926 0.4009259259259259 0.0625 0.09722222222222222
0 0.6768518518518518 0.7958333333333333 0.12731481481481483 0.06574074074074074
0 0.02361111111111111 0.04490740740740741 0.04490740740740741 0.07916666666666666
0 0.6162037037037037 0.20462962962962963 0.1486111111111111 0.12129629629629629
0 0.41064814814814815 0.7375 0.09398148148148149 0.0824074074074074
0 0.4685185185185185 0.5518518518518518 0.11296296296296296 0.10648148148148148
0 0.8425925925925926 0.7819444444444444 0.08657407407407407 0.07453703703703704
0 0.6907407407407408 0.7143518518518519 0.06805555555555555 0.08425925925925926
0 0.7 0.3476851851851852 0.1685185185185185 0.08935185185185185
0 0.9328703703703703 0.1310185185185185 0.13425925925925927 0.11666666666666667
0 0.9027777777777778 0.5180555555555556 0.11296296296296296 0.08287037037037037
0 0.18564814814814815 0.7708333333333334 0.10925925925925926 0.09583333333333334