0 0.32685185185185184 0.5680555555555555 0.2388888888888889 0.17222222222222222
0 0.8398148148148148 0.06111111111111111 0.32037037037037036 0.11851851851851852
0 0.4337962962962963 0.7333333333333333 0.2851851851851852 0.2564814814814815
0 0.9222222222222223 0.21851851851851853 0.15 0.27685185185185185
0 0.5699074074074074 0.4097222222222222 0.34814814814814815 0.21296296296296297
0 0.06388888888888888 0.5462962962962963 0.12777777777777777 0.22037037037037038
0 0.0837962962962963 0.44814814814814813 0.13703703703703704 0.11666666666666667
0 0.9657407407407408 0.6430555555555556 0.06851851851851852 0.18981481481481483
0 0.8449074074074074 0.5111111111111111 0.2222222222222222 0.13518518518518519
0 0.9569444444444445 0.4185185185185185 0.08518518518518518 0.10925925925925926
0 0.03796296296296296 0.11296296296296296 0.07407407407407407 0.22592592592592592
0 0.031018518518518518 0.3472222222222222 0.062037037037037036 0.10925925925925926
0 0.3106481481481482 0.7717592592592593 0.6203703703703703 0.3351851851851852