0 0.20416666666666666 0.2375 0.3296296296296296 0.14074074074074075
0 0.10277777777777777 0.8324074074074074 0.20185185185185187 0.11851851851851852
0 0.2759259259259259 0.5333333333333333 0.08425925925925926 0.10925925925925926
0 0.19444444444444445 0.9027777777777778 0.11481481481481481 0.11296296296296296
0 0.5921296296296297 0.1527777777777778 0.16111111111111112 0.1574074074074074
0 0.13796296296296295 0.7148148148148148 0.06574074074074074 0.04814814814814815
0 0.6888888888888889 0.7967592592592593 0.20555555555555555 0.13333333333333333
0 0.7638888888888888 0.0875 0.10555555555555556 0.06111111111111111
0 0.5550925925925926 0.300462962962963 0.18518518518518517 0.14444444444444443
0 0.5319444444444444 0.4074074074074074 0.18703703703703703 0.08703703703703704
0 0.02962962962962963 0.5638888888888889 0.05925925925925926 0.08425925925925926
0 0.3962962962962963 0.5365740740740741 0.1537037037037037 0.11944444444444445
0 0.3851851851851852 0.6907407407407408 0.14722222222222223 0.1814814814814815
0 0.9148148148148149 0.5949074074074074 0.1648148148148148 0.19537037037037036
0 0.07268518518518519 0.6578703703703703 0.14444444444444443 0.09907407407407408
0 0.6393518518518518 0.6699074074074074 0.29444444444444445 0.18888888888888888
0 0.9824074074074074 0.19166666666666668 0.03518518518518519 0.10185185185185185
0 0.25787037037037036 0.38101851851851853 0.2222222222222222 0.14074074074074075
0 0.28564814814814815 0.924537037037037 0.13333333333333333 0.09259259259259259
0 0.1111111111111111 0.9805555555555555 0.16111111111111112 0.037037037037037035
0 0.9013888888888889 0.8634259259259259 0.12314814814814815 0.15925925925925927