0 0.49444444444444446 0.125 0.25462962962962965 0.17222222222222222
0 0.2611111111111111 0.33287037037037037 0.13425925925925927 0.12222222222222222
0 0.5148148148148148 0.6111111111111112 0.14537037037037037 0.08148148148148149
0 0.35694444444444445 0.6759259259259259 0.12962962962962962 0.15185185185185185
0 0.7314814814814815 0.5592592592592592 0.23425925925925925 0.1037037037037037
0 0.7398148148148148 0.7717592592592593 0.21388888888888888 0.1
0 0.5388888888888889 0.7305555555555555 0.15648148148148147 0.07407407407407407
0 0.5763888888888888 0.8273148148148148 0.13425925925925927 0.1111111111111111
0 0.2361111111111111 0.1962962962962963 0.053703703703703705 0.08333333333333333
0 0.2967592592592593 0.7694444444444445 0.13148148148148148 0.1388888888888889
0 0.6185185185185185 0.49074074074074076 0.06296296296296296 0.08703703703703704
0 0.5171296296296296 0.35462962962962963 0.10648148148148148 0.046296296296296294
0 0.28379629629629627 0.09675925925925925 0.10462962962962963 0.05648148148148148
0 0.5185185185185185 0.5361111111111111 0.13703703703703704 0.04351851851851852
0 0.9351851851851852 0.4217592592592593 0.12962962962962962 0.1
0 0.0875 0.5361111111111111 0.12222222222222222 0.13148148148148148
0 0.7430555555555556 0.45925925925925926 0.13333333333333333 0.09351851851851851
0 0.07175925925925926 0.2740740740740741 0.14074074074074075 0.1388888888888889