0 0.2712962962962963 0.8657407407407407 0.06574074074074074 0.09537037037037037
0 0.06018518518518518 0.8981481481481481 0.1175925925925926 0.12962962962962962
0 0.8967592592592593 0.41898148148148145 0.05185185185185185 0.14722222222222223
0 0.23564814814814813 0.6361111111111111 0.04537037037037037 0.041666666666666664
0 0.8564814814814815 0.6259259259259259 0.0837962962962963 0.07407407407407407
0 0.48055555555555557 0.6611111111111111 0.044444444444444446 0.1287037037037037
0 0.4162037037037037 0.788425925925926 0.04583333333333333 0.15092592592592594
0 0.6935185185185185 0.03333333333333333 0.08796296296296297 0.06435185185185185
0 0.9402777777777778 0.9398148148148148 0.1087962962962963 0.11388888888888889
0 0.024537037037037038 0.5958333333333333 0.049074074074074076 0.0824074074074074
0 0.6435185185185185 0.8245370370370371 0.06435185185185185 0.0699074074074074
0 0.7319444444444444 0.44814814814814813 0.07962962962962963 0.09444444444444444
0 0.9259259259259259 0.763425925925926 0.03796296296296296 0.04675925925925926
0 0.5300925925925926 0.5 0.07314814814814814 0.06157407407407407
0 0.9768518518518519 0.17453703703703705 0.046296296296296294 0.17962962962962964
0 0.5597222222222222 0.24027777777777778 0.07222222222222222 0.16620370370370371
0 0.7282407407407407 0.8847222222222222 0.05462962962962963 0.062037037037037036
0 0.7319444444444444 0.837037037037037 0.06157407407407407 0.03564814814814815
0 0.025925925925925925 0.5203703703703704 0.05138888888888889 0.06574074074074074
0 0.3523148148148148 0.624537037037037 0.06342592592592593 0.04861111111111111
0 0.2763888888888889 0.287962962962963 0.0875 0.08703703703703704
0 0.24537037037037038 0.4476851851851852 0.07175925925925926 0.03935185185185185
0 0.3023148148148148 0.3763888888888889 0.05740740740740741 0.06018518518518518
0 0.3453703703703704 0.30185185185185187 0.0375 0.09074074074074075
0 0.4166666666666667 0.29907407407407405 0.059722222222222225 0.1398148148148148
0 0.9180555555555555 0.12037037037037036 0.07314814814814814 0.11898148148148148