0 0.7291666666666666 0.5837962962962963 0.1050925925925926 0.1111111111111111
0 0.30648148148148147 0.612037037037037 0.13472222222222222 0.10787037037037037
0 0.3962962962962963 0.6958333333333333 0.08703703703703704 0.13194444444444445
0 0.8583333333333333 0.7041666666666667 0.05324074074074074 0.06111111111111111
0 0.7717592592592593 0.45555555555555555 0.10601851851851851 0.1337962962962963
0 0.6240740740740741 0.6898148148148148 0.06388888888888888 0.1087962962962963
0 0.6532407407407408 0.6416666666666667 0.05740740740740741 0.12685185185185185
0 0.9458333333333333 0.5328703703703703 0.10833333333333334 0.2064814814814815
0 0.38935185185185184 0.5527777777777778 0.08564814814814815 0.11666666666666667
0 0.7472222222222222 0.1962962962962963 0.06712962962962964 0.12129629629629629
0 0.6662037037037037 0.4587962962962963 0.06435185185185185 0.1287037037037037
0 0.8143518518518519 0.7083333333333334 0.030555555555555555 0.08101851851851852
0 0.1736111111111111 0.32407407407407407 0.12037037037037036 0.1375
0 0.6328703703703704 0.8782407407407408 0.05092592592592592 0.029166666666666667
0 0.4217592592592593 0.3625 0.11296296296296296 0.11435185185185186
0 0.5162037037037037 0.4740740740740741 0.1050925925925926 0.08333333333333333
0 0.4527777777777778 0.5166666666666667 0.07685185185185185 0.1925925925925926
0 0.4638888888888889 0.5504629629629629 0.05925925925925926 0.11805555555555555
0 0.7328703703703704 0.7837962962962963 0.11018518518518519 0.09305555555555556
0 0.8032407407407407 0.9037037037037037 0.07546296296296297 0.046296296296296294
0 0.5157407407407407 0.5324074074074074 0.07083333333333333 0.07037037037037037
0 0.3416666666666667 0.8578703703703704 0.0712962962962963 0.04490740740740741
0 0.5685185185185185 0.1875 0.04675925925925926 0.09722222222222222
0 0.6476851851851851 0.19814814814814816 0.06388888888888888 0.06342592592592593
0 0.5583333333333333 0.35555555555555557 0.07685185185185185 0.1550925925925926
0 0.4703703703703704 0.6990740740740741 0.04953703703703704 0.12777777777777777