0 0.21898148148148147 0.49953703703703706 0.28888888888888886 0.12083333333333333
0 0.899074074074074 0.12268518518518519 0.2 0.24537037037037038
0 0.9171296296296296 0.4162037037037037 0.16018518518518518 0.10648148148148148
0 0.4023148148148148 0.5625 0.15231481481481482 0.12453703703703704
0 0.6569444444444444 0.23425925925925925 0.12546296296296297 0.15694444444444444
0 0.6851851851851852 0.38425925925925924 0.08657407407407407 0.1037037037037037
0 0.5300925925925926 0.12268518518518519 0.18472222222222223 0.08981481481481482
0 0.17314814814814813 0.19027777777777777 0.3458333333333333 0.37592592592592594
0 0.5263888888888889 0.6898148148148148 0.16574074074074074 0.11342592592592593
0 0.8481481481481481 0.5282407407407408 0.3037037037037037 0.15462962962962962
0 0.9805555555555555 0.2828703703703704 0.03888888888888889 0.13425925925925927
0 0.11574074074074074 0.6625 0.22685185185185186 0.18981481481481483
0 0.026851851851851852 0.48657407407407405 0.053703703703703705 0.10787037037037037
0 0.8393518518518519 0.29768518518518516 0.05925925925925926 0.06944444444444445
0 0.8412037037037037 0.0125 0.1736111111111111 0.025