0 0.16944444444444445 0.8740740740740741 0.10925925925925926 0.08611111111111111
0 0.5398148148148149 0.20925925925925926 0.14074074074074075 0.14583333333333334
0 0.5138888888888888 0.9078703703703703 0.07962962962962963 0.08287037037037037
0 0.6995370370370371 0.7763888888888889 0.06851851851851852 0.13055555555555556
0 0.2523148148148148 0.9407407407407408 0.06759259259259259 0.1125
0 0.5708333333333333 0.7412037037037037 0.13796296296296295 0.0875
0 0.7310185185185185 0.29398148148148145 0.18472222222222223 0.2601851851851852
0 0.18425925925925926 0.6476851851851851 0.08194444444444444 0.21574074074074073
0 0.16435185185185186 0.9643518518518519 0.10046296296296296 0.0712962962962963
0 0.7263888888888889 0.07407407407407407 0.16712962962962963 0.11527777777777778
0 0.28425925925925927 0.7069444444444445 0.060648148148148145 0.13657407407407407
0 0.07453703703703704 0.6958333333333333 0.12685185185185185 0.21712962962962962
0 0.4074074074074074 0.5009259259259259 0.1125 0.13935185185185187
0 0.5958333333333333 0.5351851851851852 0.07916666666666666 0.12824074074074074
0 0.549537037037037 0.3597222222222222 0.07546296296296297 0.16342592592592592
0 0.1175925925925926 0.538425925925926 0.09953703703703703 0.075
0 0.30648148148148147 0.1111111111111111 0.09259259259259259 0.0962962962962963
0 0.3143518518518518 0.8597222222222223 0.06574074074074074 0.14907407407407408
0 0.387037037037037 0.7708333333333334 0.09768518518518518 0.12268518518518519
0 0.500462962962963 0.788425925925926 0.056018518518518516 0.09490740740740741
0 0.6152777777777778 0.7949074074074074 0.058333333333333334 0.11574074074074074
0 0.2175925925925926 0.15601851851851853 0.05416666666666667 0.16527777777777777
0 0.016203703703703703 0.9694444444444444 0.032407407407407406 0.06111111111111111
0 0.175 0.7157407407407408 0.08472222222222223 0.08101851851851852
0 0.24027777777777778 0.7810185185185186 0.06435185185185185 0.050462962962962966
0 0.1486111111111111 0.7949074074074074 0.032407407407407406 0.04722222222222222
0 0.449537037037037 0.7962962962962963 0.06157407407407407 0.12129629629629629