0 0.1837962962962963 0.7083333333333334 0.10833333333333334 0.15555555555555556
0 0.9560185185185185 0.4125 0.08611111111111111 0.1388888888888889
0 0.26990740740740743 0.5893518518518519 0.1425925925925926 0.10185185185185185
0 0.9162037037037037 0.09537037037037037 0.09814814814814815 0.19074074074074074
0 0.0625 0.8476851851851852 0.12037037037037036 0.25
0 0.5555555555555556 0.8037037037037037 0.03888888888888889 0.07685185185185185
0 0.18472222222222223 0.9481481481481482 0.0712962962962963 0.1037037037037037
0 0.10092592592592593 0.4935185185185185 0.07777777777777778 0.25925925925925924
0 0.8143518518518519 0.5166666666666667 0.041666666666666664 0.06481481481481481
0 0.027314814814814816 0.4708333333333333 0.053703703703703705 0.12685185185185185
0 0.37824074074074077 0.737037037037037 0.07777777777777778 0.05740740740740741
0 0.3523148148148148 0.9333333333333333 0.0712962962962963 0.13333333333333333
0 0.28194444444444444 0.888425925925926 0.053703703703703705 0.049074074074074076
0 0.7680555555555556 0.475 0.018518518518518517 0.08518518518518518
0 0.2351851851851852 0.27037037037037037 0.05 0.03425925925925926
0 0.7273148148148149 0.6282407407407408 0.044444444444444446 0.04814814814814815
0 0.0837962962962963 0.3425925925925926 0.06666666666666667 0.07037037037037037
0 0.5013888888888889 0.8495370370370371 0.046296296296296294 0.06111111111111111
0 0.5981481481481481 0.85 0.037037037037037035 0.07777777777777778
0 0.6981481481481482 0.8736111111111111 0.027777777777777776 0.08703703703703704
0 0.7152777777777778 0.5277777777777778 0.025925925925925925 0.03981481481481482
0 0.5740740740740741 0.6365740740740741 0.046296296296296294 0.11388888888888889
0 0.6694444444444444 0.6189814814814815 0.10925925925925926 0.08611111111111111
0 0.04814814814814815 0.9638888888888889 0.09074074074074075 0.07222222222222222
0 0.022222222222222223 0.55 0.044444444444444446 0.1361111111111111
0 0.6518518518518519 0.7810185185185186 0.044444444444444446 0.040740740740740744
0 0.6671296296296296 0.4583333333333333 0.025925925925925925 0.04814814814814815
0 0.45046296296296295 0.8712962962962963 0.06759259259259259 0.0824074074074074
0 0.7787037037037037 0.4393518518518518 0.05092592592592592 0.04814814814814815
0 0.5018518518518519 0.10694444444444444 0.05 0.12037037037037036
0 0.5287037037037037 0.21157407407407408 0.03888888888888889 0.08611111111111111
0 0.7527777777777778 0.19305555555555556 0.1 0.07592592592592592
0 0.4787037037037037 0.487962962962963 0.07314814814814814 0.04259259259259259
0 0.4837962962962963 0.4060185185185185 0.03981481481481482 0.11574074074074074