0 0.06435185185185185 0.35462962962962963 0.07037037037037037 0.06481481481481481
0 0.14212962962962963 0.49166666666666664 0.059722222222222225 0.09166666666666666
0 0.600925925925926 0.3365740740740741 0.06527777777777778 0.1685185185185185
0 0.8333333333333334 0.08055555555555556 0.07546296296296297 0.1486111111111111
0 0.21666666666666667 0.46805555555555556 0.07361111111111111 0.062037037037037036
0 0.1486111111111111 0.1824074074074074 0.062037037037037036 0.07037037037037037
0 0.8055555555555556 0.9032407407407408 0.05925925925925926 0.07037037037037037
0 0.8041666666666667 0.07685185185185185 0.1125 0.15324074074074073
0 0.9578703703703704 0.7277777777777777 0.07361111111111111 0.14074074074074075
0 0.5226851851851851 0.38981481481481484 0.09074074074074075 0.1175925925925926
0 0.6407407407407407 0.787962962962963 0.05185185185185185 0.08796296296296297
0 0.7166666666666667 0.20416666666666666 0.06620370370370371 0.07314814814814814
0 0.6800925925925926 0.3921296296296296 0.12175925925925926 0.07731481481481481
0 0.5680555555555555 0.7671296296296296 0.08194444444444444 0.08657407407407407
0 0.08101851851851852 0.7166666666666667 0.04953703703703704 0.08148148148148149
0 0.45416666666666666 0.7208333333333333 0.10462962962962963 0.07592592592592592
0 0.06527777777777778 0.6027777777777777 0.02638888888888889 0.050462962962962966
0 0.42916666666666664 0.7930555555555555 0.06435185185185185 0.1050925925925926
0 0.9106481481481481 0.050462962962962966 0.12777777777777777 0.09953703703703703
0 0.16111111111111112 0.06018518518518518 0.09814814814814815 0.12037037037037036
0 0.7671296296296296 0.21064814814814814 0.04722222222222222 0.10092592592592593
0 0.022222222222222223 0.4125 0.04398148148148148 0.06898148148148148
0 0.31342592592592594 0.9069444444444444 0.04722222222222222 0.060648148148148145
0 0.3837962962962963 0.8907407407407407 0.06712962962962964 0.0837962962962963
0 0.6083333333333333 0.21342592592592594 0.05925925925925926 0.05324074074074074
0 0.024537037037037038 0.48935185185185187 0.047685185185185185 0.047685185185185185
0 0.3143518518518518 0.09907407407407408 0.09305555555555556 0.09259259259259259
0 0.7930555555555555 0.030555555555555555 0.08101851851851852 0.059722222222222225
0 0.20324074074074075 0.3439814814814815 0.06712962962962964 0.10138888888888889
0 0.5569444444444445 0.19398148148148148 0.1111111111111111 0.08194444444444444
0 0.85 0.30324074074074076 0.09537037037037037 0.09953703703703703