0 0.6 0.8212962962962963 0.06666666666666667 0.08703703703703704
0 0.337037037037037 0.15046296296296297 0.09259259259259259 0.10185185185185185
0 0.8921296296296296 0.5356481481481481 0.13148148148148148 0.11851851851851852
0 0.14212962962962963 0.3597222222222222 0.08703703703703704 0.1
0 0.2986111111111111 0.05185185185185185 0.06574074074074074 0.08148148148148149
0 0.5893518518518519 0.663425925925926 0.08148148148148149 0.12129629629629629
0 0.4060185185185185 0.41712962962962963 0.07037037037037037 0.06666666666666667
0 0.2657407407407407 0.300462962962963 0.07962962962962963 0.07222222222222222
0 0.6763888888888889 0.07962962962962963 0.10740740740740741 0.15833333333333333
0 0.7842592592592592 0.0875 0.09907407407407408 0.12037037037037036
0 0.10694444444444444 0.16342592592592592 0.05925925925925926 0.08703703703703704
0 0.25092592592592594 0.3699074074074074 0.07407407407407407 0.03333333333333333
0 0.4412037037037037 0.6407407407407407 0.075 0.1111111111111111
0 0.6162037037037037 0.23194444444444445 0.06851851851851852 0.05
0 0.19722222222222222 0.1439814814814815 0.06111111111111111 0.08333333333333333
0 0.18518518518518517 0.07592592592592592 0.037037037037037035 0.04814814814814815
0 0.6467592592592593 0.5736111111111111 0.10185185185185185 0.10555555555555556
0 0.9407407407407408 0.40370370370370373 0.11481481481481481 0.10925925925925926
0 0.888425925925926 0.11574074074074074 0.08333333333333333 0.05740740740740741
0 0.20092592592592592 0.23657407407407408 0.06111111111111111 0.03148148148148148
0 0.2212962962962963 0.5953703703703703 0.05 0.08981481481481482
0 0.23333333333333334 0.041666666666666664 0.0787037037037037 0.08333333333333333
0 0.10416666666666667 0.22083333333333333 0.053703703703703705 0.040740740740740744
0 0.9671296296296297 0.22175925925925927 0.06574074074074074 0.11296296296296296
0 0.8675925925925926 0.062037037037037036 0.06666666666666667 0.09444444444444444
0 0.21435185185185185 0.9722222222222222 0.13240740740740742 0.05555555555555555
0 0.15 0.05416666666666667 0.05925925925925926 0.10833333333333334
0 0.8263888888888888 0.649074074074074 0.1712962962962963 0.09537037037037037
0 0.36018518518518516 0.5092592592592593 0.06296296296296296 0.11296296296296296
0 0.2740740740740741 0.20416666666666666 0.027777777777777776 0.03148148148148148
0 0.01712962962962963 0.4115740740740741 0.03425925925925926 0.07592592592592592
0 0.5101851851851852 0.3736111111111111 0.040740740740740744 0.07592592592592592
0 0.5435185185185185 0.2740740740740741 0.044444444444444446 0.10925925925925926
0 0.29074074074074074 0.11018518518518519 0.05185185185185185 0.07222222222222222
0 0.05648148148148148 0.4375 0.06111111111111111 0.1175925925925926
0 0.7421296296296296 0.021296296296296296 0.04722222222222222 0.04259259259259259
0 0.7736111111111111 0.2564814814814815 0.06944444444444445 0.14629629629629629