0 0.9606481481481481 0.4476851851851852 0.05185185185185185 0.06296296296296296
0 0.6666666666666666 0.7523148148148148 0.06851851851851852 0.05092592592592592
0 0.6162037037037037 0.9430555555555555 0.06851851851851852 0.06018518518518518
0 0.5638888888888889 0.6796296296296296 0.05925925925925926 0.08333333333333333
0 0.6824074074074075 0.4726851851851852 0.06666666666666667 0.0824074074074074
0 0.6259259259259259 0.5625 0.03611111111111111 0.09259259259259259
0 0.6995370370370371 0.5879629629629629 0.06111111111111111 0.037037037037037035
0 0.43703703703703706 0.8703703703703703 0.05740740740740741 0.11018518518518519
0 0.274537037037037 0.48518518518518516 0.10648148148148148 0.11296296296296296
0 0.8939814814814815 0.5833333333333334 0.05092592592592592 0.05925925925925926
0 0.6990740740740741 0.5398148148148149 0.05925925925925926 0.03518518518518519
0 0.9597222222222223 0.9162037037037037 0.07777777777777778 0.11666666666666667
0 0.38796296296296295 0.2902777777777778 0.09814814814814815 0.1111111111111111
0 0.475462962962963 0.48703703703703705 0.06296296296296296 0.09814814814814815
0 0.762962962962963 0.5902777777777778 0.06296296296296296 0.037037037037037035
0 0.6449074074074074 0.6865740740740741 0.05555555555555555 0.07592592592592592
0 0.5569444444444445 0.5208333333333334 0.06018518518518518 0.13333333333333333
0 0.42962962962962964 0.9527777777777777 0.06851851851851852 0.08888888888888889
0 0.42824074074074076 0.12731481481481483 0.05462962962962963 0.05092592592592592
0 0.7689814814814815 0.8087962962962963 0.08333333333333333 0.05925925925925926
0 0.6435185185185185 0.8810185185185185 0.06481481481481481 0.06851851851851852
0 0.18564814814814815 0.6574074074074074 0.053703703703703705 0.0962962962962963
0 0.48657407407407405 0.8907407407407407 0.05185185185185185 0.13518518518518519
0 0.8393518518518519 0.4930555555555556 0.07222222222222222 0.06666666666666667
0 0.2412037037037037 0.8143518518518519 0.04259259259259259 0.07777777777777778
0 0.8791666666666667 0.41898148148148145 0.08703703703703704 0.044444444444444446
0 0.2712962962962963 0.9782407407407407 0.06666666666666667 0.04351851851851852
0 0.14722222222222223 0.8444444444444444 0.05185185185185185 0.08611111111111111
0 0.9393518518518519 0.5282407407407408 0.024074074074074074 0.05092592592592592
0 0.8342592592592593 0.5819444444444445 0.040740740740740744 0.08518518518518518
0 0.1925925925925926 0.6046296296296296 0.06666666666666667 0.06851851851851852
0 0.6435185185185185 0.30694444444444446 0.16018518518518518 0.09074074074074075
0 0.4236111111111111 0.6296296296296297 0.10185185185185185 0.14074074074074075
0 0.29444444444444445 0.9217592592592593 0.05185185185185185 0.03518518518518519
0 0.24537037037037038 0.23564814814814813 0.03888888888888889 0.04259259259259259
0 0.33611111111111114 0.1912037037037037 0.03888888888888889 0.053703703703703705
0 0.275 0.7231481481481481 0.06388888888888888 0.0824074074074074
0 0.07916666666666666 0.9606481481481481 0.06296296296296296 0.07777777777777778
0 0.6226851851851852 0.4564814814814815 0.03518518518518519 0.025925925925925925
0 0.5444444444444444 0.961574074074074 0.07592592592592592 0.07685185185185185
0 0.7523148148148148 0.37592592592592594 0.02962962962962963 0.053703703703703705
0 0.6032407407407407 0.7157407407407408 0.04537037037037037 0.06851851851851852
0 0.7305555555555555 0.7078703703703704 0.03333333333333333 0.032407407407407406
0 0.5115740740740741 0.29212962962962963 0.08888888888888889 0.10185185185185185
0 0.2662037037037037 0.6259259259259259 0.06111111111111111 0.06759259259259259