0 0.5055555555555555 0.875 0.25462962962962965 0.17222222222222222
0 0.7388888888888889 0.6671296296296296 0.13425925925925927 0.12222222222222222
0 0.48518518518518516 0.3888888888888889 0.14537037037037037 0.08148148148148149
0 0.6430555555555556 0.32407407407407407 0.12962962962962962 0.15185185185185185
0 0.26851851851851855 0.44074074074074077 0.23425925925925925 0.1037037037037037
0 0.2601851851851852 0.22824074074074074 0.21388888888888888 0.1
0 0.46111111111111114 0.26944444444444443 0.15648148148148147 0.07407407407407407
0 0.4236111111111111 0.1726851851851852 0.13425925925925927 0.1111111111111111
0 0.7638888888888888 0.8037037037037037 0.053703703703703705 0.0824074074074074
0 0.7032407407407407 0.23055555555555557 0.13148148148148148 0.1388888888888889
0 0.3814814814814815 0.5092592592592593 0.06296296296296296 0.08703703703703704
0 0.4828703703703704 0.6453703703703704 0.10648148148148148 0.046296296296296294
0 0.7162037037037037 0.9032407407407408 0.10462962962962963 0.05648148148148148
0 0.48148148148148145 0.4638888888888889 0.13703703703703704 0.04351851851851852
0 0.06481481481481481 0.5782407407407407 0.12962962962962962 0.1
0 0.9125 0.4638888888888889 0.12222222222222222 0.13148148148148148
0 0.2569444444444444 0.5407407407407407 0.13333333333333333 0.09351851851851851
0 0.9282407407407407 0.725925925925926 0.14074074074074075 0.1388888888888889