0 0.2712962962962963 0.13425925925925927 0.06574074074074074 0.09537037037037037
0 0.06018518518518518 0.10185185185185185 0.1175925925925926 0.12962962962962962
0 0.8967592592592593 0.5810185185185185 0.05185185185185185 0.14722222222222223
0 0.23564814814814813 0.3638888888888889 0.04537037037037037 0.041666666666666664
0 0.8564814814814815 0.37407407407407406 0.08333333333333333 0.07407407407407407
0 0.48055555555555557 0.3388888888888889 0.044444444444444446 0.1287037037037037
0 0.4162037037037037 0.21157407407407408 0.046296296296296294 0.15092592592592594
0 0.6935185185185185 0.9666666666666667 0.08796296296296297 0.06481481481481481
0 0.9402777777777778 0.06018518518518518 0.10925925925925926 0.11388888888888889
0 0.024537037037037038 0.4041666666666667 0.049074074074074076 0.0824074074074074
0 0.6435185185185185 0.17546296296296296 0.06481481481481481 0.07037037037037037
0 0.7319444444444444 0.5518518518518518 0.07962962962962963 0.09444444444444444
0 0.9259259259259259 0.23657407407407408 0.03796296296296296 0.046296296296296294
0 0.5300925925925926 0.5 0.07314814814814814 0.06111111111111111
0 0.9768518518518519 0.825462962962963 0.046296296296296294 0.17962962962962964
0 0.5597222222222222 0.7597222222222222 0.07222222222222222 0.16666666666666666
0 0.7282407407407407 0.11527777777777778 0.05462962962962963 0.062037037037037036
0 0.7319444444444444 0.16296296296296298 0.06111111111111111 0.03518518518518519
0 0.025925925925925925 0.47962962962962963 0.05185185185185185 0.06574074074074074
0 0.3523148148148148 0.37546296296296294 0.06296296296296296 0.04814814814814815
0 0.2763888888888889 0.712037037037037 0.08703703703703704 0.08703703703703704
0 0.24537037037037038 0.5523148148148148 0.07222222222222222 0.03888888888888889
0 0.3023148148148148 0.6236111111111111 0.05740740740740741 0.06018518518518518
0 0.3453703703703704 0.6981481481481482 0.037037037037037035 0.09074074074074075
0 0.4166666666666667 0.700925925925926 0.05925925925925926 0.1398148148148148
0 0.9180555555555555 0.8796296296296297 0.07314814814814814 0.11851851851851852