0 0.1763888888888889 0.2865740740740741 0.3416666666666667 0.14444444444444443
0 0.20462962962962963 0.7486111111111111 0.1824074074074074 0.11851851851851852
0 0.337037037037037 0.5407407407407407 0.13333333333333333 0.0962962962962963
0 0.058333333333333334 0.6907407407407408 0.11666666666666667 0.13796296296296295
0 0.9435185185185185 0.7300925925925926 0.10555555555555556 0.12777777777777777
0 0.5625 0.3425925925925926 0.12222222222222222 0.053703703703703705
0 0.043055555555555555 0.5527777777777778 0.08518518518518518 0.07777777777777778
0 0.36203703703703705 0.46944444444444444 0.1925925925925926 0.06296296296296296
0 0.8199074074074074 0.812962962962963 0.08518518518518518 0.05555555555555555
0 0.41388888888888886 0.4236111111111111 0.12222222222222222 0.05462962962962963
0 0.5203703703703704 0.9518518518518518 0.07222222222222222 0.07037037037037037
0 0.19583333333333333 0.9587962962962963 0.09722222222222222 0.0824074074074074
0 0.3138888888888889 0.8777777777777778 0.14444444444444443 0.09814814814814815
0 0.29212962962962963 0.9291666666666667 0.09814814814814815 0.10092592592592593
0 0.0412037037037037 0.8495370370370371 0.08148148148148149 0.06388888888888888
0 0.12407407407407407 0.04814814814814815 0.24814814814814815 0.08703703703703704
0 0.7777777777777778 0.45092592592592595 0.17407407407407408 0.14444444444444443
0 0.16435185185185186 0.8662037037037037 0.08888888888888889 0.046296296296296294
0 0.5731481481481482 0.19398148148148148 0.16111111111111112 0.12222222222222222
0 0.9120370370370371 0.1763888888888889 0.04814814814814815 0.03333333333333333
0 0.524074074074074 0.8837962962962963 0.062037037037037036 0.08148148148148149
0 0.38333333333333336 0.013425925925925926 0.22685185185185186 0.025925925925925925
0 0.5226851851851851 0.15601851851851853 0.26296296296296295 0.2037037037037037
0 0.8967592592592593 0.018518518518518517 0.1388888888888889 0.037037037037037035
0 0.5643518518518519 0.7333333333333333 0.07777777777777778 0.02962962962962963
0 0.6685185185185185 0.9222222222222223 0.06851851851851852 0.05092592592592592
0 0.8930555555555556 0.2986111111111111 0.2064814814814815 0.21481481481481482
0 0.924074074074074 0.1412037037037037 0.05462962962962963 0.040740740740740744
0 0.8449074074074074 0.43333333333333335 0.29074074074074074 0.17314814814814813