0 0.19074074074074074 0.10694444444444444 0.20324074074074075 0.21388888888888888
0 0.6018518518518519 0.524537037037037 0.2212962962962963 0.1837962962962963
0 0.05 0.10740740740740741 0.1 0.20925925925925926
0 0.4398148148148148 0.4115740740740741 0.12962962962962962 0.14907407407407408
0 0.6675925925925926 0.29444444444444445 0.23796296296296296 0.3287037037037037
0 0.11574074074074074 0.6194444444444445 0.23148148148148148 0.4773148148148148
0 0.4203703703703704 0.10740740740740741 0.28888888888888886 0.2064814814814815
0 0.325 0.9541666666666667 0.1398148148148148 0.09166666666666666
0 0.9467592592592593 0.7944444444444444 0.09814814814814815 0.19444444444444445
0 0.8101851851851852 0.9115740740740741 0.0587962962962963 0.1712962962962963
0 0.16666666666666666 0.9291666666666667 0.18101851851851852 0.13703703703703704
0 0.9185185185185185 0.9893518518518518 0.07824074074074074 0.021296296296296296