0 0.25601851851851853 0.524537037037037 0.3814814814814815 0.25277777777777777
0 0.6916666666666667 0.7578703703703704 0.3148148148148148 0.3111111111111111
0 0.7907407407407407 0.46296296296296297 0.40555555555555556 0.23703703703703705
0 0.3490740740740741 0.7388888888888889 0.26481481481481484 0.23333333333333334
0 0.500462962962963 0.8814814814814815 0.26666666666666666 0.23055555555555557
0 0.125 0.11388888888888889 0.1527777777777778 0.20925925925925926
0 0.6824074074074075 0.06435185185185185 0.30185185185185187 0.12777777777777777
0 0.8953703703703704 0.27037037037037037 0.20925925925925926 0.14629629629629629
0 0.9629629629629629 0.18333333333333332 0.07407407407407407 0.2037037037037037
0 0.3726851851851852 0.3416666666666667 0.12037037037037036 0.06111111111111111
0 0.2833333333333333 0.07222222222222222 0.07777777777777778 0.12777777777777777