0 0.4537037037037037 0.913425925925926 0.25925925925925924 0.17314814814814813
0 0.21944444444444444 0.6976851851851852 0.13333333333333333 0.1259259259259259
0 0.3236111111111111 0.3435185185185185 0.13148148148148148 0.15648148148148147
0 0.47175925925925927 0.4134259259259259 0.14351851851851852 0.08333333333333333
0 0.6907407407407408 0.46574074074074073 0.23703703703703705 0.1
0 0.4912037037037037 0.29212962962962963 0.15462962962962962 0.075
0 0.525 0.18888888888888888 0.13703703703703704 0.11574074074074074
0 0.2740740740740741 0.24444444444444444 0.13333333333333333 0.1425925925925926
0 0.5828703703703704 0.5375 0.06296296296296296 0.09074074074074075
0 0.4875 0.674074074074074 0.1037037037037037 0.04814814814814815
0 0.2388888888888889 0.9407407407407408 0.10925925925925926 0.05925925925925926
0 0.48194444444444445 0.4898148148148148 0.1425925925925926 0.04537037037037037
0 0.6930555555555555 0.24675925925925926 0.21666666666666667 0.10925925925925926
0 0.05648148148148148 0.4861111111111111 0.10925925925925926 0.13148148148148148
0 0.95 0.5259259259259259 0.1 0.10740740740740741
0 0.06574074074074074 0.7412037037037037 0.12777777777777777 0.1425925925925926
0 0.9328703703703703 0.5944444444444444 0.13425925925925927 0.10185185185185185
0 0.19074074074074074 0.8388888888888889 0.053703703703703705 0.08703703703703704