0 0.5523148148148148 0.03935185185185185 0.06296296296296296 0.05185185185185185
0 0.24768518518518517 0.3333333333333333 0.05092592592592592 0.06805555555555555
0 0.05694444444444444 0.3837962962962963 0.06018518518518518 0.06851851851851852
0 0.32037037037037036 0.4361111111111111 0.08287037037037037 0.05925925925925926
0 0.5273148148148148 0.3175925925925926 0.0824074074074074 0.06666666666666667
0 0.4375 0.37407407407407406 0.09212962962962963 0.03611111111111111
0 0.41203703703703703 0.300462962962963 0.0375 0.060648148148148145
0 0.12962962962962962 0.562962962962963 0.11018518518518519 0.05787037037037037
0 0.5148148148148148 0.725462962962963 0.1125 0.10648148148148148
0 0.4166666666666667 0.10601851851851851 0.05925925925925926 0.05092592592592592
0 0.4601851851851852 0.30092592592592593 0.03564814814814815 0.05925925925925926
0 0.0837962962962963 0.04027777777777778 0.11666666666666667 0.07824074074074074
0 0.7097222222222223 0.612037037037037 0.11064814814814815 0.09768518518518518
0 0.512962962962963 0.524537037037037 0.09861111111111111 0.0625
0 0.4097222222222222 0.23703703703703705 0.03657407407407407 0.06296296296296296
0 0.31342592592592594 0.35509259259259257 0.07592592592592592 0.055092592592592596
0 0.4791666666666667 0.44305555555555554 0.1337962962962963 0.06018518518518518
0 0.04722222222222222 0.5703703703703704 0.08935185185185185 0.06851851851851852
0 0.8726851851851852 0.5717592592592593 0.05092592592592592 0.05462962962962963
0 0.1912037037037037 0.2310185185185185 0.05925925925925926 0.0837962962962963
0 0.11898148148148148 0.35648148148148145 0.06851851851851852 0.06527777777777778
0 0.3425925925925926 0.8143518518518519 0.0962962962962963 0.05324074074074074
0 0.10925925925925926 0.513425925925926 0.13472222222222222 0.05138888888888889
0 0.5069444444444444 0.16064814814814815 0.06620370370370371 0.07268518518518519
0 0.18564814814814815 0.7587962962962963 0.07777777777777778 0.04259259259259259
0 0.5810185185185185 0.12083333333333333 0.04490740740740741 0.08657407407407407
0 0.02175925925925926 0.7287037037037037 0.04351851851851852 0.06712962962962964
0 0.15555555555555556 0.8527777777777777 0.08611111111111111 0.052314814814814814
0 0.47175925925925927 0.060648148148148145 0.05092592592592592 0.024074074074074074
0 0.41805555555555557 0.16574074074074074 0.08518518518518518 0.0412037037037037
0 0.39537037037037037 0.8074074074074075 0.06898148148148148 0.06712962962962964
0 0.6930555555555555 0.35648148148148145 0.09074074074074075 0.16018518518518518
0 0.37037037037037035 0.5763888888888888 0.14074074074074075 0.10185185185185185
0 0.07824074074074074 0.7055555555555556 0.03564814814814815 0.05138888888888889
0 0.7643518518518518 0.7546296296296297 0.04212962962962963 0.03888888888888889
0 0.8087962962962963 0.6638888888888889 0.05416666666666667 0.038425925925925926
0 0.27685185185185185 0.725 0.0824074074074074 0.06388888888888888
0 0.03935185185185185 0.9208333333333333 0.07824074074074074 0.0625
0 0.5435185185185185 0.3773148148148148 0.02638888888888889 0.034722222222222224
0 0.038425925925925926 0.45555555555555555 0.07685185185185185 0.07592592592592592
0 0.6240740740740741 0.24768518518518517 0.053703703703703705 0.03009259259259259
0 0.28425925925925927 0.39675925925925926 0.06805555555555555 0.04537037037037037
0 0.29212962962962963 0.26944444444444443 0.032407407407407406 0.03333333333333333
0 0.7078703703703704 0.48842592592592593 0.10231481481481482 0.08935185185185185
0 0.37407407407407406 0.7337962962962963 0.06759259259259259 0.060648148148148145