0 0.30416666666666664 0.7708333333333334 0.1 0.07222222222222222
0 0.6537037037037037 0.2740740740740741 0.08796296296296297 0.13333333333333333
0 0.12175925925925926 0.7509259259259259 0.15462962962962962 0.07037037037037037
0 0.1574074074074074 0.5217592592592593 0.11666666666666667 0.07962962962962963
0 0.46574074074074073 0.15416666666666667 0.07222222222222222 0.11481481481481481
0 0.8402777777777778 0.14444444444444443 0.09259259259259259 0.13148148148148148
0 0.5944444444444444 0.9569444444444445 0.08703703703703704 0.06851851851851852
0 0.5518518518518518 0.08981481481481482 0.12777777777777777 0.175
0 0.08564814814814815 0.3560185185185185 0.13148148148148148 0.10925925925925926
0 0.07685185185185185 0.5768518518518518 0.1425925925925926 0.09351851851851851
0 0.3421296296296296 0.625462962962963 0.21481481481481482 0.05648148148148148
0 0.6537037037037037 0.5962962962962963 0.1685185185185185 0.08518518518518518
0 0.41064814814814815 0.3300925925925926 0.1259259259259259 0.12407407407407407
0 0.42962962962962964 0.7375 0.1425925925925926 0.05925925925925926
0 0.04814814814814815 0.48194444444444445 0.0962962962962963 0.04537037037037037
0 0.9175925925925926 0.5078703703703704 0.1648148148148148 0.044444444444444446
0 0.9495370370370371 0.5962962962962963 0.10092592592592593 0.09722222222222222
0 0.5444444444444444 0.19398148148148148 0.09907407407407408 0.05925925925925926
0 0.7601851851851852 0.22314814814814815 0.1037037037037037 0.08796296296296297
0 0.7759259259259259 0.01574074074074074 0.13703703703703704 0.03148148148148148
0 0.8004629629629629 0.9703703703703703 0.11018518518518519 0.05925925925925926
0 0.8476851851851852 0.5125 0.30462962962962964 0.05185185185185185
0 0.9745370370370371 0.47638888888888886 0.05 0.09259259259259259
0 0.8638888888888889 0.6824074074074075 0.06481481481481481 0.03888888888888889
0 0.5263888888888889 0.18287037037037038 0.06851851851851852 0.030555555555555555
0 0.09444444444444444 0.38472222222222224 0.09814814814814815 0.04259259259259259
0 0.513425925925926 0.6208333333333333 0.09259259259259259 0.09259259259259259
0 0.5083333333333333 0.8333333333333334 0.07407407407407407 0.1814814814814815
0 0.5592592592592592 0.7138888888888889 0.06851851851851852 0.07037037037037037