0 0.8236111111111111 0.7134259259259259 0.3416666666666667 0.14444444444444443
0 0.7953703703703704 0.2513888888888889 0.1824074074074074 0.11851851851851852
0 0.662962962962963 0.45925925925925926 0.13333333333333333 0.0962962962962963
0 0.9416666666666667 0.30925925925925923 0.11666666666666667 0.13796296296296295
0 0.05648148148148148 0.26990740740740743 0.10555555555555556 0.12777777777777777
0 0.4375 0.6574074074074074 0.12222222222222222 0.053703703703703705
0 0.9569444444444445 0.44722222222222224 0.08518518518518518 0.07777777777777778
0 0.637962962962963 0.5305555555555556 0.1925925925925926 0.06296296296296296
0 0.18009259259259258 0.18703703703703703 0.08518518518518518 0.05555555555555555
0 0.5861111111111111 0.5763888888888888 0.12222222222222222 0.05462962962962963
0 0.47962962962962963 0.04814814814814815 0.07222222222222222 0.07037037037037037
0 0.8041666666666667 0.0412037037037037 0.09722222222222222 0.08148148148148149
0 0.6861111111111111 0.12222222222222222 0.14444444444444443 0.09814814814814815
0 0.7078703703703704 0.07083333333333333 0.09814814814814815 0.10092592592592593
0 0.9587962962962963 0.15046296296296297 0.08148148148148149 0.06388888888888888
0 0.8759259259259259 0.9518518518518518 0.24814814814814815 0.08703703703703704
0 0.2222222222222222 0.549074074074074 0.17407407407407408 0.14444444444444443
0 0.8356481481481481 0.1337962962962963 0.08888888888888889 0.046296296296296294
0 0.42685185185185187 0.8060185185185185 0.16111111111111112 0.12222222222222222
0 0.08796296296296297 0.8236111111111111 0.04814814814814815 0.03333333333333333
0 0.4759259259259259 0.1162037037037037 0.062037037037037036 0.08148148148148149
0 0.6166666666666667 0.986574074074074 0.22685185185185186 0.026851851851851852
0 0.4773148148148148 0.8439814814814814 0.26296296296296295 0.2037037037037037
0 0.10324074074074074 0.9814814814814815 0.1388888888888889 0.037037037037037035
0 0.4356481481481482 0.26666666666666666 0.07777777777777778 0.02962962962962963
0 0.3314814814814815 0.07777777777777778 0.06851851851851852 0.05092592592592592
0 0.10694444444444444 0.7013888888888888 0.2064814814814815 0.21574074074074073
0 0.07592592592592592 0.8587962962962963 0.05462962962962963 0.040740740740740744
0 0.1550925925925926 0.5666666666666667 0.29074074074074074 0.17314814814814813