0 0.7958333333333333 0.7625 0.3296296296296296 0.14074074074074075
0 0.8972222222222223 0.1675925925925926 0.20185185185185187 0.11851851851851852
0 0.7240740740740741 0.4666666666666667 0.08425925925925926 0.10925925925925926
0 0.8055555555555556 0.09722222222222222 0.11481481481481481 0.11296296296296296
0 0.4078703703703704 0.8472222222222222 0.16111111111111112 0.1574074074074074
0 0.862037037037037 0.2851851851851852 0.06574074074074074 0.04814814814814815
0 0.3111111111111111 0.20324074074074075 0.20555555555555555 0.13333333333333333
0 0.2361111111111111 0.9125 0.10555555555555556 0.06111111111111111
0 0.4449074074074074 0.6995370370370371 0.18518518518518517 0.14444444444444443
0 0.46805555555555556 0.5925925925925926 0.18703703703703703 0.08703703703703704
0 0.9703703703703703 0.4361111111111111 0.05925925925925926 0.08425925925925926
0 0.6037037037037037 0.4634259259259259 0.1537037037037037 0.11944444444444445
0 0.6148148148148148 0.30925925925925923 0.14722222222222223 0.1814814814814815
0 0.08518518518518518 0.4050925925925926 0.1648148148148148 0.19537037037037036
0 0.9273148148148148 0.3421296296296296 0.14444444444444443 0.09814814814814815
0 0.36064814814814816 0.3300925925925926 0.29444444444444445 0.18888888888888888
0 0.017592592592592594 0.8083333333333333 0.03518518518518519 0.10185185185185185
0 0.7421296296296296 0.6189814814814815 0.2222222222222222 0.14074074074074075
0 0.7143518518518519 0.07546296296296297 0.13333333333333333 0.09259259259259259
0 0.8888888888888888 0.019444444444444445 0.16111111111111112 0.037037037037037035
0 0.09861111111111111 0.13657407407407407 0.12314814814814815 0.15925925925925927