0 0.7037037037037037 0.22962962962962963 0.25092592592592594 0.18333333333333332
0 0.3490740740740741 0.35185185185185186 0.39814814814814814 0.19722222222222222
0 0.7375 0.6037037037037037 0.26851851851851855 0.15462962962962962
0 0.6194444444444445 0.34629629629629627 0.17777777777777778 0.14444444444444443
0 0.8648148148148148 0.7509259259259259 0.27037037037037037 0.17037037037037037
0 0.4638888888888889 0.5462962962962963 0.362962962962963 0.15555555555555556
0 0.3972222222222222 0.18703703703703703 0.2611111111111111 0.18518518518518517
0 0.9125 0.27685185185185185 0.13518518518518519 0.07037037037037037
0 0.5111111111111111 0.25833333333333336 0.11203703703703703 0.1259259259259259
0 0.7981481481481482 0.40925925925925927 0.09259259259259259 0.09444444444444444
0 0.7620370370370371 0.08055555555555556 0.21296296296296297 0.07407407407407407
0 0.9412037037037037 0.36574074074074076 0.11666666666666667 0.30648148148148147
0 0.6865740740740741 0.06481481481481481 0.37407407407407406 0.12777777777777777
0 0.19583333333333333 0.9703703703703703 0.24351851851851852 0.05648148148148148
0 0.30277777777777776 0.7967592592592593 0.125 0.17962962962962964
0 0.9212962962962963 0.10277777777777777 0.10462962962962963 0.07407407407407407
0 0.7208333333333333 0.875 0.13518518518518519 0.09537037037037037
0 0.2351851851851852 0.8916666666666667 0.13703703703703704 0.1398148148148148