0 0.7703703703703704 0.2962962962962963 0.18333333333333332 0.25092592592592594
0 0.6481481481481481 0.6509259259259259 0.19722222222222222 0.39814814814814814
0 0.3962962962962963 0.2625 0.15462962962962962 0.26851851851851855
0 0.6537037037037037 0.38055555555555554 0.14444444444444443 0.17777777777777778
0 0.2490740740740741 0.13518518518518519 0.17037037037037037 0.27037037037037037
0 0.4537037037037037 0.5361111111111111 0.15555555555555556 0.362962962962963
0 0.812962962962963 0.6027777777777777 0.18518518518518517 0.2611111111111111
0 0.7231481481481481 0.0875 0.07037037037037037 0.13518518518518519
0 0.7416666666666667 0.4888888888888889 0.1259259259259259 0.11203703703703703
0 0.5907407407407408 0.20185185185185187 0.09444444444444444 0.09259259259259259
0 0.9194444444444444 0.23796296296296296 0.07407407407407407 0.21296296296296297
0 0.6342592592592593 0.0587962962962963 0.30648148148148147 0.11666666666666667
0 0.9351851851851852 0.31342592592592594 0.12777777777777777 0.37407407407407406
0 0.02962962962962963 0.8041666666666667 0.05648148148148148 0.24351851851851852
0 0.20324074074074075 0.6972222222222222 0.17962962962962964 0.125
0 0.8972222222222223 0.0787037037037037 0.07407407407407407 0.10462962962962963
0 0.125 0.2791666666666667 0.09444444444444444 0.13518518518518519
0 0.10833333333333334 0.7648148148148148 0.1398148148148148 0.13703703703703704