0 0.5680555555555555 0.32685185185185184 0.17175925925925925 0.2388888888888889
0 0.06111111111111111 0.8398148148148148 0.11851851851851852 0.32037037037037036
0 0.7333333333333333 0.4337962962962963 0.2564814814814815 0.28564814814814815
0 0.21851851851851853 0.9222222222222223 0.27685185185185185 0.15
0 0.4097222222222222 0.5699074074074074 0.21296296296296297 0.3486111111111111
0 0.5462962962962963 0.06388888888888888 0.22083333333333333 0.12777777777777777
0 0.44814814814814813 0.0837962962962963 0.11712962962962963 0.13657407407407407
0 0.6430555555555556 0.9657407407407408 0.18981481481481483 0.06851851851851852
0 0.5111111111111111 0.8449074074074074 0.13472222222222222 0.2222222222222222
0 0.4185185185185185 0.9569444444444445 0.1087962962962963 0.08564814814814815
0 0.11296296296296296 0.03796296296296296 0.22546296296296298 0.07453703703703704
0 0.3472222222222222 0.031018518518518518 0.10972222222222222 0.062037037037037036
0 0.7717592592592593 0.3106481481481482 0.3347222222222222 0.6208333333333333