0 0.7134259259259259 0.1763888888888889 0.1439814814814815 0.3416666666666667
0 0.2513888888888889 0.20462962962962963 0.11851851851851852 0.1824074074074074
0 0.45925925925925926 0.337037037037037 0.09675925925925925 0.1337962962962963
0 0.30925925925925923 0.058333333333333334 0.13796296296296295 0.11666666666666667
0 0.26990740740740743 0.9435185185185185 0.12777777777777777 0.10601851851851851
0 0.6574074074074074 0.5625 0.05324074074074074 0.12175925925925926
0 0.44722222222222224 0.043055555555555555 0.07777777777777778 0.08564814814814815
0 0.5305555555555556 0.36203703703703705 0.0625 0.19305555555555556
0 0.18703703703703703 0.8199074074074074 0.055092592592592596 0.08518518518518518
0 0.5763888888888888 0.41388888888888886 0.05462962962962963 0.12175925925925926
0 0.04814814814814815 0.5203703703703704 0.07083333333333333 0.07268518518518519
0 0.0412037037037037 0.19583333333333333 0.08194444444444444 0.09722222222222222
0 0.12222222222222222 0.3138888888888889 0.09768518518518518 0.1449074074074074
0 0.07083333333333333 0.29212962962962963 0.10092592592592593 0.09768518518518518
0 0.15046296296296297 0.0412037037037037 0.06388888888888888 0.08194444444444444
0 0.9518518518518518 0.12407407407407407 0.08703703703703704 0.24814814814814815
0 0.549074074074074 0.7777777777777778 0.1449074074074074 0.17453703703703705
0 0.1337962962962963 0.16435185185185186 0.04675925925925926 0.08842592592592592
0 0.8060185185185185 0.5731481481481482 0.12175925925925926 0.16157407407407406
0 0.8236111111111111 0.9120370370370371 0.03287037037037037 0.047685185185185185
0 0.1162037037037037 0.524074074074074 0.08101851851851852 0.062037037037037036
0 0.986574074074074 0.38333333333333336 0.02638888888888889 0.22685185185185186
0 0.8439814814814814 0.5226851851851851 0.20324074074074075 0.26296296296296295
0 0.9814814814814815 0.8967592592592593 0.03657407407407407 0.1388888888888889
0 0.26666666666666666 0.5643518518518519 0.029166666666666667 0.07777777777777778
0 0.07777777777777778 0.6685185185185185 0.05092592592592592 0.06851851851851852
0 0.7013888888888888 0.8930555555555556 0.2152777777777778 0.2064814814814815
0 0.8587962962962963 0.924074074074074 0.040740740740740744 0.05462962962962963
0 0.5666666666666667 0.8449074074074074 0.17314814814814813 0.29074074074074074