0 0.8740740740740741 0.16944444444444445 0.08611111111111111 0.10925925925925926
0 0.20925925925925926 0.5398148148148149 0.14629629629629629 0.14074074074074075
0 0.9078703703703703 0.5138888888888888 0.08333333333333333 0.07962962962962963
0 0.7763888888888889 0.6995370370370371 0.13055555555555556 0.06851851851851852
0 0.9407407407407408 0.2523148148148148 0.11296296296296296 0.06759259259259259
0 0.7412037037037037 0.5708333333333333 0.08703703703703704 0.13796296296296295
0 0.29398148148148145 0.7310185185185185 0.2601851851851852 0.18518518518518517
0 0.6476851851851851 0.18425925925925926 0.21574074074074073 0.08148148148148149
0 0.9643518518518519 0.16435185185185186 0.0712962962962963 0.1
0 0.07407407407407407 0.7263888888888889 0.11481481481481481 0.1675925925925926
0 0.7069444444444445 0.28425925925925927 0.13703703703703704 0.06111111111111111
0 0.6958333333333333 0.07453703703703704 0.21666666666666667 0.12685185185185185
0 0.5009259259259259 0.4074074074074074 0.1388888888888889 0.11296296296296296
0 0.5351851851851852 0.5958333333333333 0.12777777777777777 0.07962962962962963
0 0.3597222222222222 0.549537037037037 0.16296296296296298 0.07592592592592592
0 0.538425925925926 0.1175925925925926 0.075 0.1
0 0.1111111111111111 0.30648148148148147 0.0962962962962963 0.09259259259259259
0 0.8597222222222223 0.3143518518518518 0.14907407407407408 0.06574074074074074
0 0.7708333333333334 0.387037037037037 0.12222222222222222 0.09814814814814815
0 0.788425925925926 0.500462962962963 0.09444444444444444 0.05555555555555555
0 0.7949074074074074 0.6152777777777778 0.11574074074074074 0.058333333333333334
0 0.15601851851851853 0.2175925925925926 0.1648148148148148 0.053703703703703705
0 0.9694444444444444 0.016203703703703703 0.06111111111111111 0.032407407407407406
0 0.7157407407407408 0.175 0.08148148148148149 0.08518518518518518
0 0.7810185185185186 0.24027777777777778 0.05 0.06481481481481481
0 0.7949074074074074 0.1486111111111111 0.04722222222222222 0.032407407407407406
0 0.7962962962962963 0.449537037037037 0.12129629629629629 0.06111111111111111