0 0.5615740740740741 0.2101851851851852 0.10277777777777777 0.1375
0 0.06435185185185185 0.6481481481481481 0.12222222222222222 0.06388888888888888
0 0.2050925925925926 0.4537037037037037 0.17916666666666667 0.10092592592592593
0 0.6388888888888888 0.2773148148148148 0.05694444444444444 0.11481481481481481
0 0.8324074074074074 0.3851851851851852 0.175 0.20972222222222223
0 0.3851851851851852 0.8671296296296296 0.12361111111111112 0.1300925925925926
0 0.027777777777777776 0.5444444444444444 0.055092592592592596 0.13472222222222222
0 0.2675925925925926 0.5421296296296296 0.12685185185185185 0.0625
0 0.2953703703703704 0.42777777777777776 0.14166666666666666 0.1175925925925926
0 0.3277777777777778 0.43333333333333335 0.07268518518518519 0.11805555555555555
0 0.09907407407407408 0.9449074074074074 0.05185185185185185 0.09074074074074075
0 0.42824074074074076 0.6949074074074074 0.11712962962962963 0.1449074074074074
0 0.05648148148148148 0.8805555555555555 0.06342592592592593 0.05555555555555555
0 0.4527777777777778 0.2740740740740741 0.06620370370370371 0.13472222222222222
0 0.7726851851851851 0.5944444444444444 0.16111111111111112 0.18935185185185185
0 0.47685185185185186 0.4078703703703704 0.05740740740740741 0.1736111111111111
0 0.16157407407407406 0.7018518518518518 0.08425925925925926 0.04861111111111111
0 0.49675925925925923 0.8638888888888889 0.075 0.16064814814814815