0 0.5370370370370371 0.2916666666666667 0.17407407407407408 0.3277777777777778
0 0.825462962962963 0.7800925925925926 0.24074074074074073 0.25277777777777777
0 0.3148148148148148 0.29953703703703705 0.16111111111111112 0.3
0 0.7282407407407407 0.3055555555555556 0.12685185185185185 0.2564814814814815
0 0.5481481481481482 0.7416666666666667 0.19907407407407407 0.40370370370370373
0 0.7847222222222222 0.6319444444444444 0.1037037037037037 0.24166666666666667
0 0.2513888888888889 0.5814814814814815 0.2037037037037037 0.2175925925925926
0 0.15092592592592594 0.4064814814814815 0.2074074074074074 0.17037037037037037
0 0.44027777777777777 0.6074074074074074 0.07777777777777778 0.21851851851851853
0 0.7148148148148148 0.1287037037037037 0.15925925925925927 0.08796296296296297
0 0.9273148148148148 0.08101851851851852 0.13518518518518519 0.07592592592592592
0 0.449537037037037 0.04027777777777778 0.08333333333333333 0.06111111111111111
0 0.8671296296296296 0.4976851851851852 0.13518518518518519 0.10462962962962963
0 0.8666666666666667 0.5888888888888889 0.16296296296296298 0.14166666666666666
0 0.9625 0.6976851851851852 0.07407407407407407 0.15555555555555556
0 0.11944444444444445 0.2587962962962963 0.07685185185185185 0.12129629629629629
0 0.4185185185185185 0.37962962962962965 0.08148148148148149 0.1962962962962963
0 0.9694444444444444 0.562962962962963 0.06111111111111111 0.07962962962962963
0 0.5231481481481481 0.02546296296296296 0.06388888888888888 0.05092592592592592
0 0.2875 0.02824074074074074 0.09259259259259259 0.05555555555555555
0 0.31712962962962965 0.13194444444444445 0.06666666666666667 0.14351851851851852
0 0.3537037037037037 0.9601851851851851 0.05740740740740741 0.07962962962962963
0 0.549537037037037 0.11435185185185186 0.10555555555555556 0.05740740740740741
0 0.16666666666666666 0.05138888888888889 0.07685185185185185 0.10277777777777777