0 0.10231481481481482 0.09768518518518518 0.08703703703703704 0.1259259259259259
0 0.687962962962963 0.8708333333333333 0.04814814814814815 0.10185185185185185
0 0.15092592592592594 0.4361111111111111 0.1111111111111111 0.12777777777777777
0 0.10046296296296296 0.29814814814814816 0.0962962962962963 0.15925925925925927
0 0.38101851851851853 0.9726851851851852 0.0787037037037037 0.05462962962962963
0 0.5546296296296296 0.37037037037037035 0.06574074074074074 0.11666666666666667
0 0.3921296296296296 0.8824074074074074 0.06388888888888888 0.13148148148148148
0 0.7462962962962963 0.7944444444444444 0.06296296296296296 0.1425925925925926
0 0.2953703703703704 0.9574074074074074 0.08518518518518518 0.08518518518518518
0 0.5560185185185185 0.5236111111111111 0.1111111111111111 0.12962962962962962
0 0.030555555555555555 0.12222222222222222 0.06111111111111111 0.1
0 0.30416666666666664 0.7782407407407408 0.06666666666666667 0.14722222222222223
0 0.45555555555555555 0.9648148148148148 0.05925925925925926 0.07037037037037037
0 0.3212962962962963 0.3819444444444444 0.17407407407407408 0.09814814814814815
0 0.9337962962962963 0.762962962962963 0.11296296296296296 0.12685185185185185
0 0.17685185185185184 0.9708333333333333 0.1 0.058333333333333334
0 0.6347222222222222 0.041666666666666664 0.07037037037037037 0.08333333333333333
0 0.2587962962962963 0.1986111111111111 0.08148148148148149 0.13703703703703704
0 0.7976851851851852 0.8675925925925926 0.03981481481481482 0.14722222222222223
0 0.02638888888888889 0.21851851851851853 0.05277777777777778 0.0962962962962963
0 0.9041666666666667 0.7796296296296297 0.06296296296296296 0.09444444444444444
0 0.44814814814814813 0.7199074074074074 0.13796296296296295 0.21666666666666667
0 0.5296296296296297 0.6615740740740741 0.0962962962962963 0.17962962962962964
0 0.625 0.9851851851851852 0.07685185185185185 0.02962962962962963
0 0.7268518518518519 0.9851851851851852 0.08148148148148149 0.02962962962962963
0 0.4199074074074074 0.22175925925925927 0.08148148148148149 0.10277777777777777