0 0.31851851851851853 0.45555555555555555 0.1175925925925926 0.14212962962962963
0 0.6180555555555556 0.3277777777777778 0.1388888888888889 0.12407407407407407
0 0.04861111111111111 0.044444444444444446 0.09675925925925925 0.08518518518518518
0 0.712037037037037 0.8800925925925925 0.22361111111111112 0.10972222222222222
0 0.6180555555555556 0.44027777777777777 0.1412037037037037 0.07222222222222222
0 0.5453703703703704 0.6601851851851852 0.08148148148148149 0.04027777777777778
0 0.5046296296296297 0.7851851851851852 0.07824074074074074 0.09537037037037037
0 0.5125 0.5847222222222223 0.13287037037037036 0.09583333333333334
0 0.7675925925925926 0.9773148148148149 0.12685185185185185 0.04490740740740741
0 0.7324074074074074 0.3337962962962963 0.15601851851851853 0.15787037037037038
0 0.11898148148148148 0.362962962962963 0.1574074074074074 0.06620370370370371
0 0.9481481481481482 0.8513888888888889 0.09259259259259259 0.05694444444444444
0 0.23842592592592593 0.6425925925925926 0.14444444444444443 0.06527777777777778
0 0.12129629629629629 0.8986111111111111 0.22592592592592592 0.1439814814814815
0 0.23287037037037037 0.7921296296296296 0.125 0.08796296296296297
0 0.3333333333333333 0.7930555555555555 0.060648148148148145 0.08935185185185185
0 0.2912037037037037 0.9120370370370371 0.10138888888888889 0.10833333333333334
0 0.6046296296296296 0.7847222222222222 0.0837962962962963 0.0962962962962963
0 0.40324074074074073 0.07175925925925926 0.075 0.07222222222222222
0 0.5231481481481481 0.08564814814814815 0.0412037037037037 0.08472222222222223
0 0.45694444444444443 0.05787037037037037 0.04537037037037037 0.06851851851851852