0 0.8930555555555556 0.8092592592592592 0.21388888888888888 0.2037037037037037
0 0.475462962962963 0.39814814814814814 0.18333333333333332 0.2212962962962963
0 0.8925925925925926 0.95 0.20925925925925926 0.1
0 0.5884259259259259 0.5601851851851852 0.14907407407407408 0.12962962962962962
0 0.7055555555555556 0.33240740740740743 0.3287037037037037 0.23796296296296296
0 0.38055555555555554 0.8842592592592593 0.4777777777777778 0.23148148148148148
0 0.8925925925925926 0.5796296296296296 0.2064814814814815 0.28888888888888886
0 0.04583333333333333 0.675 0.09166666666666666 0.1398148148148148
0 0.20555555555555555 0.05324074074074074 0.19444444444444445 0.09814814814814815
0 0.08842592592592592 0.18981481481481483 0.1712962962962963 0.05925925925925926
0 0.07083333333333333 0.8333333333333334 0.13703703703703704 0.1814814814814815
0 0.010648148148148148 0.08148148148148149 0.021296296296296296 0.07777777777777778