0 0.1259259259259259 0.8305555555555556 0.08611111111111111 0.10925925925925926
0 0.7907407407407407 0.4601851851851852 0.14629629629629629 0.14074074074074075
0 0.09212962962962963 0.4861111111111111 0.08333333333333333 0.07962962962962963
0 0.22361111111111112 0.300462962962963 0.13055555555555556 0.06851851851851852
0 0.05925925925925926 0.7476851851851852 0.11296296296296296 0.06759259259259259
0 0.2587962962962963 0.42916666666666664 0.08703703703703704 0.13796296296296295
0 0.7060185185185185 0.2689814814814815 0.2601851851851852 0.18518518518518517
0 0.3523148148148148 0.8157407407407408 0.21574074074074073 0.0824074074074074
0 0.03564814814814815 0.8356481481481481 0.0712962962962963 0.1
0 0.9259259259259259 0.27361111111111114 0.11481481481481481 0.16666666666666666
0 0.29305555555555557 0.7157407407407408 0.13703703703703704 0.06111111111111111
0 0.30416666666666664 0.9254629629629629 0.21666666666666667 0.12685185185185185
0 0.49907407407407406 0.5925925925925926 0.1388888888888889 0.11296296296296296
0 0.4648148148148148 0.4041666666666667 0.12777777777777777 0.07962962962962963
0 0.6402777777777777 0.45046296296296295 0.16296296296296298 0.07592592592592592
0 0.4615740740740741 0.8824074074074074 0.075 0.1
0 0.8888888888888888 0.6935185185185185 0.0962962962962963 0.09259259259259259
0 0.14027777777777778 0.6856481481481481 0.14907407407407408 0.06574074074074074
0 0.22916666666666666 0.6129629629629629 0.12222222222222222 0.09814814814814815
0 0.21157407407407408 0.49953703703703706 0.09444444444444444 0.05555555555555555
0 0.2050925925925926 0.38472222222222224 0.11574074074074074 0.058333333333333334
0 0.8439814814814814 0.7824074074074074 0.1648148148148148 0.053703703703703705
0 0.030555555555555555 0.9837962962962963 0.06111111111111111 0.032407407407407406
0 0.28425925925925927 0.825 0.08148148148148149 0.08518518518518518
0 0.21898148148148147 0.7597222222222222 0.05 0.06481481481481481
0 0.2050925925925926 0.8513888888888889 0.04722222222222222 0.032407407407407406
0 0.2037037037037037 0.5504629629629629 0.12129629629629629 0.06111111111111111