0 0.8476851851851852 0.2689814814814815 0.22962962962962963 0.1037037037037037
0 0.09953703703703703 0.26296296296296295 0.15 0.07962962962962963
0 0.7800925925925926 0.11296296296296296 0.18981481481481483 0.2212962962962963
0 0.8097222222222222 0.6351851851851852 0.13333333333333333 0.1425925925925926
0 0.6152777777777778 0.21342592592592594 0.19722222222222222 0.17962962962962964
0 0.2935185185185185 0.062037037037037036 0.17407407407407408 0.11666666666666667
0 0.22592592592592592 0.399537037037037 0.1037037037037037 0.175
0 0.24166666666666667 0.17824074074074073 0.062037037037037036 0.09166666666666666
0 0.9407407407407408 0.7782407407407408 0.11851851851851852 0.125
0 0.9601851851851851 0.3819444444444444 0.07962962962962963 0.11203703703703703
0 0.8384259259259259 0.9782407407407407 0.275 0.040740740740740744
0 0.5092592592592593 0.4041666666666667 0.06111111111111111 0.09259259259259259
0 0.027777777777777776 0.34444444444444444 0.05555555555555555 0.07777777777777778
0 0.7319444444444444 0.4125 0.2175925925925926 0.13148148148148148
0 0.9361111111111111 0.5268518518518519 0.09074074074074075 0.075
0 0.5476851851851852 0.8486111111111111 0.06759259259259259 0.07222222222222222
0 0.2814814814814815 0.7944444444444444 0.11296296296296296 0.12962962962962962
0 0.11018518518518519 0.5805555555555556 0.06666666666666667 0.12314814814814815
0 0.17731481481481481 0.20787037037037037 0.06111111111111111 0.07222222222222222
0 0.48842592592592593 0.18333333333333332 0.08518518518518518 0.11666666666666667
0 0.48842592592592593 0.49722222222222223 0.07407407407407407 0.09074074074074075
0 0.37175925925925923 0.45555555555555555 0.1685185185185185 0.07962962962962963
0 0.31342592592592594 0.5569444444444445 0.07962962962962963 0.09259259259259259