0 0.7310185185185185 0.8476851851851852 0.1037037037037037 0.22916666666666666
0 0.737037037037037 0.09953703703703703 0.07916666666666666 0.14953703703703702
0 0.8870370370370371 0.7800925925925926 0.2212962962962963 0.18981481481481483
0 0.3648148148148148 0.8097222222222222 0.1425925925925926 0.13333333333333333
0 0.7865740740740741 0.6152777777777778 0.17962962962962964 0.19722222222222222
0 0.937962962962963 0.2935185185185185 0.1162037037037037 0.1736111111111111
0 0.600462962962963 0.22592592592592592 0.175 0.10416666666666667
0 0.8217592592592593 0.24166666666666667 0.09166666666666666 0.062037037037037036
0 0.22175925925925927 0.9407407407407408 0.125 0.11851851851851852
0 0.6180555555555556 0.9601851851851851 0.11203703703703703 0.07962962962962963
0 0.02175925925925926 0.8384259259259259 0.040740740740740744 0.275
0 0.5958333333333333 0.5092592592592593 0.09305555555555556 0.06157407407407407
0 0.6555555555555556 0.027777777777777776 0.07777777777777778 0.05555555555555555
0 0.5875 0.7319444444444444 0.1310185185185185 0.2175925925925926
0 0.47314814814814815 0.9361111111111111 0.075 0.09074074074074075
0 0.15138888888888888 0.5476851851851852 0.07175925925925926 0.06759259259259259
0 0.20555555555555555 0.2814814814814815 0.12916666666666668 0.1125
0 0.41944444444444445 0.11018518518518519 0.12314814814814815 0.06712962962962964
0 0.7921296296296296 0.17731481481481481 0.07175925925925926 0.06111111111111111
0 0.8166666666666667 0.48842592592592593 0.11666666666666667 0.08564814814814815
0 0.5027777777777778 0.48842592592592593 0.09074074074074075 0.07361111111111111
0 0.5444444444444444 0.37175925925925923 0.08009259259259259 0.16898148148148148
0 0.44305555555555554 0.31342592592592594 0.09212962962962963 0.07962962962962963