0 0.08657407407407407 0.5462962962962963 0.17314814814814813 0.25925925925925924
0 0.3023148148148148 0.7805555555555556 0.12638888888888888 0.13287037037037036
0 0.6564814814814814 0.6763888888888889 0.15648148148148147 0.13148148148148148
0 0.586574074074074 0.5282407407407408 0.08287037037037037 0.14351851851851852
0 0.5342592592592592 0.30925925925925923 0.1 0.2375
0 0.7078703703703704 0.5087962962962963 0.075 0.15462962962962962
0 0.8111111111111111 0.475 0.11574074074074074 0.1375
0 0.7555555555555555 0.725925925925926 0.14212962962962963 0.13287037037037036
0 0.4625 0.41712962962962963 0.09074074074074075 0.0625
0 0.32592592592592595 0.5125 0.04861111111111111 0.10324074074074074
0 0.05925925925925926 0.7611111111111111 0.05925925925925926 0.10925925925925926
0 0.5101851851851852 0.5180555555555556 0.04537037037037037 0.14212962962962963
0 0.7532407407407408 0.30694444444444446 0.10925925925925926 0.21712962962962962
0 0.5138888888888888 0.9435185185185185 0.13148148148148148 0.10925925925925926
0 0.4740740740740741 0.05 0.10787037037037037 0.1
0 0.2587962962962963 0.9342592592592592 0.14212962962962963 0.12824074074074074
0 0.40555555555555556 0.06712962962962964 0.10138888888888889 0.13425925925925927
0 0.16111111111111112 0.8092592592592592 0.0875 0.05324074074074074